        _
  _ __ | |__   ___  _ __   ___   _ __  _   _
 | '_ \| '_ \ / _ \| '_ \ / _ \ | '_ \| | | |
 | |_) | | | | (_) | | | | (_) || |_) | |_| |
 | .__/|_| |_|\___/|_| |_|\___(_) .__/ \__, |
 |_|                            |_|    |___/
                                       2.8.1

Python version 3.9.7
Spglib version 1.16.3

Phonopy configuration was read from "mesh.conf".
Calculator interface: aims
Crystal structure was read from "phonopy_disp.yaml".
Unit of length: angstrom
Mesh sampling mode
Settings:
  Sampling mesh: [32 64 64]
  Supercell: [2 2 2]
  Primitive matrix (Auto):
    [ 6.9388939e-17  0.0000000e+00 -1.0000000e+00]
    [0. 1. 0.]
    [1. 0. 0.]
Spacegroup: P2_1/m (11)
Use -v option to watch primitive cell, unit cell, and supercell structures.

Force sets were not found in "phonopy_disp.yaml".
Forces and displacements were read from "FORCE_SETS".
Computing force constants...
Max drift of force constants: -0.028948 (yy) -0.000000 (zx)

Mesh numbers: [32 64 64]
Number of irreducible q-points on sampling mesh: 32768/131072
Calculating phonons on sampling mesh...
Calculating thermal properties...
#      T [K]      F [kJ/mol]    S [J/K/mol]  C_v [J/K/mol]     E [kJ/mol]
       0.000      33.6058564      0.0000000      0.0000000     33.6058564
      10.000      33.6050462      0.3053252      0.8132005     33.6080994
      20.000      33.5954605      1.8954505      5.0113476     33.6333696
      30.000      33.5605571      5.4211885     13.5234874     33.7231927
      40.000      33.4809679     10.7591562     24.3374699     33.9113341
      50.000      33.3408957     17.4457942     36.1494283     34.2131854
      60.000      33.1287709     25.1199832     48.4544992     34.6359699
      70.000      32.8360823     33.5196488     60.8143115     35.1824577
      80.000      32.4566827     42.4288849     72.7993629     35.8509935
      90.000      31.9864246     51.6631853     84.0891874     36.6361113
     100.000      31.4228477     61.0699639     94.5029225     37.5298441
     110.000      30.7648552     70.5287752    103.9743578     38.5230205
     120.000      30.0124054     79.9484330    112.5130250     39.6062174
     130.000      29.1662412     89.2623305    120.1713071     40.7703442
     140.000      28.2276698     98.4234351    127.0219409     42.0069507
     150.000      27.1983897    107.3997732    133.1443158     43.3083557
     160.000      26.0803599    116.1706962    138.6168207     44.6676713
     170.000      24.8757020    124.7239385    143.5129515     46.0787716
     180.000      23.5866277    133.0533624    147.8996165     47.5362329
     190.000      22.2153869    141.1572583    151.8366660     49.0352660
     200.000      20.7642297    149.0370754    155.3770671     50.5716448
     210.000      19.2353803    156.6964798    158.5673925     52.1416410
     220.000      17.6310177    164.1406575    161.4484382     53.7419623
     230.000      15.9532640    171.3758012    164.0558679     55.3696982
     240.000      14.2041757    178.4087341    166.4208345     57.0222719
     250.000      12.3857394    185.2466336    168.5705512     58.6973978
     260.000      10.4998687    191.8968320    170.5288048     60.3930450
     270.000       8.5484039    198.3666719    172.3164091     62.1074053
     280.000       6.5331123    204.6634041    173.9516006     63.8388654
     290.000       4.4556892    210.7941160    175.4503834     65.5859829
     300.000       2.3177604    216.7656835    176.8268259     67.3474655
     310.000       0.1208839    222.5847392    178.0933180     69.1221531
     320.000      -2.1334473    228.2576537    179.2607921     70.9090019
     330.000      -4.4438024    233.7905260    180.3389131     72.7070712
     340.000      -6.8088104    239.1891806    181.3362426     74.5155110
     350.000      -9.2271571    244.4591694    182.2603794     76.3335521
     360.000     -11.6975826    249.6057771    183.1180817     78.1604972
     370.000     -14.2188782    254.6340288    183.9153714     79.9957125
     380.000     -16.7898846    259.5486995    184.6576252     81.8386212
     390.000     -19.4094887    264.3543239    185.3496528     83.6886976
     400.000     -22.0766219    269.0552080    185.9957649     85.5454613
     410.000     -24.7902574    273.6554395    186.5998318     87.4084728
     420.000     -27.5494082    278.1588990    187.1653355     89.2773294
     430.000     -30.3531251    282.5692711    187.6954136     91.1516615
     440.000     -33.2004950    286.8900547    188.1928983     93.0311291
     450.000     -36.0906387    291.1245734    188.6603512     94.9154194
     460.000     -39.0227094    295.2759852    189.1000922     96.8042438
     470.000     -41.9958914    299.3472920    189.5142262     98.6973359
     480.000     -45.0093978    303.3413482    189.9046660    100.5944493
     490.000     -48.0624699    307.2608692    190.2731524    102.4953560
     500.000     -51.1543754    311.1084397    190.6212721    104.3998445
     510.000     -54.2844071    314.8865206    190.9504737    106.3077184
     520.000     -57.4518820    318.5974563    191.2620812    108.2187953
     530.000     -60.6561398    322.2434817    191.5573070    110.1329054
     540.000     -63.8965423    325.8267276    191.8372621    112.0498906
     550.000     -67.1724719    329.3492275    192.1029665    113.9696032
     560.000     -70.4833309    332.8129222    192.3553576    115.8919055
     570.000     -73.8285405    336.2196656    192.5952983    117.8166689
     580.000     -77.2075403    339.5712292    192.8235834    119.7437727
     590.000     -80.6197868    342.8693067    193.0409461    121.6731041
     600.000     -84.0647535    346.1155183    193.2480637    123.6045574
     610.000     -87.5419295    349.3114145    193.4455624    125.5380333
     620.000     -91.0508191    352.4584800    193.6340219    127.4734386
     630.000     -94.5909411    355.5581373    193.8139793    129.4106854
     640.000     -98.1618283    358.6117497    193.9859329    131.3496915
     650.000    -101.7630269    361.6206245    194.1503454    133.2903790
     660.000    -105.3940959    364.5860160    194.3076468    135.2326747
     670.000    -109.0546063    367.5091282    194.4582373    137.1765095
     680.000    -112.7441414    370.3911172    194.6024897    139.1218183
     690.000    -116.4622953    373.2330937    194.7407513    141.0685394
     700.000    -120.2086734    376.0361255    194.8733463    143.0166144
     710.000    -123.9828914    378.8012392    195.0005774    144.9659884
     720.000    -127.7845751    381.5294225    195.1227276    146.9166091
     730.000    -131.6133600    384.2216258    195.2400616    148.8684269
     740.000    -135.4688908    386.8787646    195.3528273    150.8213951
     750.000    -139.3508213    389.5017204    195.4612568    152.7754690
     760.000    -143.2588141    392.0913428    195.5655679    154.7306065
     770.000    -147.1925398    394.6484508    195.6659650    156.6867673
     780.000    -151.1516773    397.1738342    195.7626400    158.6439134
     790.000    -155.1359133    399.6682552    195.8557734    160.6020083
     800.000    -159.1449417    402.1324491    195.9455349    162.5610176
     810.000    -163.1784639    404.5671261    196.0320841    164.5209083
     820.000    -167.2361881    406.9729722    196.1155715    166.4816491
     830.000    -171.3178294    409.3506499    196.1961388    168.4432100
     840.000    -175.4231093    411.7007999    196.2739199    170.4055626
     850.000    -179.5517557    414.0240415    196.3490410    172.3686795
     860.000    -183.7035025    416.3209737    196.4216211    174.3325349
     870.000    -187.8780894    418.5921762    196.4917730    176.2971039
     880.000    -192.0752621    420.8382099    196.5596031    178.2623626
     890.000    -196.2947715    423.0596180    196.6252121    180.2282885
     900.000    -200.5363741    425.2569266    196.6886956    182.1948598
     910.000    -204.7998314    427.4306452    196.7501437    184.1620556
     920.000    -209.0849101    429.5812676    196.8096422    186.1298562
     930.000    -213.3913814    431.7092728    196.8672721    188.0982423
     940.000    -217.7190217    433.8151248    196.9231106    190.0671956
     950.000    -222.0676116    435.8992740    196.9772308    192.0366987
     960.000    -226.4369363    437.9621573    197.0297020    194.0067348
     970.000    -230.8267852    440.0041987    197.0805903    195.9772875
     980.000    -235.2369521    442.0258098    197.1299584    197.9483415
     990.000    -239.6672347    444.0273904    197.1778659    199.9198818
    1000.000    -244.1174345    446.0093286    197.2243698    201.8918941

Summary of calculation was written in "phonopy.yaml".
                 _
   ___ _ __   __| |
  / _ \ '_ \ / _` |
 |  __/ | | | (_| |
  \___|_| |_|\__,_|

