T       Cp      S       -(G-H(Tr))/T    H-H_Tr  Delta_H Delta_G Log_Kf
K       J/molK  J/molK  J/molK          kJ/mol  kJ/mol  kJ/mol  n/a
0       0       0       NaN             -9.962  -17.584 -17.584 NaN
100     33.259  168.972 235.330         -6.636  -17.947 -23.519 12.285
200     33.380  192.038 208.586         -3.310  -18.957 -28.754 7.510
298.15  34.192  205.757 205.757         0       -20.502 -33.329 5.839
300     34.208  205.969 205.758         0.063   -20.534 -33.408 5.817
400     35.581  215.992 207.115         3.551   -24.549 -37.343 4.876
500     37.192  224.102 209.726         7.188   -27.762 -40.179 4.197
600     38.936  231.037 212.713         10.994  -30.470 -42.399 3.691
700     40.740  237.174 215.777         14.978  -32.771 -44.201 3.298
800     42.518  242.731 218.804         19.142  -34.771 -45.694 2.984
900     44.212  247.838 221.750         23.479  -89.665 -45.870 2.662
1000    45.786  252.579 224.599         27.980  -90.024 -40.984 2.141
1100    47.200  257.011 227.346         32.631  -90.284 -36.066 1.713
1200    48.467  261.173 229.993         37.415  -90.465 -31.129 1.355
1300    49.593  265.098 232.544         42.320  -90.584 -26.179 1.052
1400    50.593  268.810 235.003         47.330  -90.656 -21.222 0.792
1500    51.476  272.331 237.375         52.434  -90.693 -16.261 0.566
1600    52.262  275.679 239.666         57.622  -90.705 -11.298 0.369
1700    52.961  278.869 241.879         62.883  -90.699 -6.336  0.195
1800    53.589  281.914 244.019         68.212  -90.681 -1.374  0.040
1900    54.145  284.827 246.091         73.599  -90.656 3.587   -0.099
2000    54.656  287.617 248.098         79.039  -90.627 8.547   -0.223
