#      T [K]      F [kJ/mol]    S [J/K/mol]  C_v [J/K/mol]     E [kJ/mol]
       0.000      17.5787431      0.0000000      0.0000000     17.5787431
      10.000      17.5771469      0.6434558      1.9848183     17.5835815
      20.000      17.5536113      4.7594629     12.1830866     17.6488006
      30.000      17.4706014     12.2743056     26.0914669     17.8388306
      40.000      17.3015117     21.7934784     40.8065008     18.1732509
      50.000      17.0309971     32.4403263     54.9496913     18.6530134
      60.000      16.6510181     43.5993628     67.5372700     19.2669799
      70.000      16.1587650     54.8373242     78.2254089     19.9973777
      80.000      15.5549296     65.8819100     87.1171370     20.8254824
      90.000      14.8422840     76.5819386     94.4904711     21.7346585
     100.000      14.0246846     86.8653728    100.6412187     22.7112219
     110.000      13.1064509     96.7073389    105.8227081     23.7442582
     120.000      12.0920062    106.1092382    110.2342150     24.8251148
     130.000      10.9856834    115.0861730    114.0275127     25.9468859
     140.000       9.7916275    123.6597347    117.3175316     27.1039904
     150.000       8.5137530    131.8540040    120.1920350     28.2918536
     160.000       7.1557303    139.6934011    122.7190733     29.5066745
     170.000       5.7209889    147.2015772    124.9523530     30.7452570
     180.000       4.2127281    154.4008824    126.9350013     32.0048869
     190.000       2.6339312    161.3121491    128.7021927     33.2832395
     200.000       0.9873809    167.9546459    130.2829997     34.5783100
     210.000      -0.7243251    174.3461180    131.7017170     35.8883597
     220.000      -2.4987592    180.5028725    132.9788308     37.2118727
     230.000      -4.3336502    186.4398816    134.1317438     38.5475225
     240.000      -6.2268703    192.1708906    135.1753299     39.8941434
     250.000      -8.1764236    197.7085243    136.1223673     41.2507075
     260.000     -10.1804350    203.0643879    136.9838825     42.6163058
     270.000     -12.2371411    208.2491599    137.7694270     43.9901321
     280.000     -14.3448808    213.2726776    138.4873039     45.3714689
     290.000     -16.5020875    218.1440148    139.1447540     46.7596768
     300.000     -18.7072818    222.8715520    139.7481099     48.1541838
     310.000     -20.9590651    227.4630399    140.3029261     49.5544773
     320.000     -23.2561131    231.9256561    140.8140867     50.9600969
     330.000     -25.5971709    236.2660569    141.2858977     52.3706279
     340.000     -27.9810475    240.4904232    141.7221645     53.7856964
     350.000     -30.4066118    244.6045022    142.1262579     55.2049640
     360.000     -32.8727878    248.6136448    142.5011707     56.6281243
     370.000     -35.3785515    252.5228394    142.8495657     58.0548991
     380.000     -37.9229270    256.3367425    143.1738175     59.4850352
     390.000     -40.5049833    260.0597059    143.4760478     60.9183020
     400.000     -43.1238316    263.6958016    143.7581563     62.3544891
     410.000     -45.7786225    267.2488446    144.0218475     63.7934038
     420.000     -48.4685436    270.7224127    144.2686531     65.2348698
     430.000     -51.1928171    274.1198656    144.4999529     66.6787252
     440.000     -53.9506977    277.4443614    144.7169914     68.1248213
     450.000     -56.7414710    280.6988716    144.9208935     69.5730212
     460.000     -59.5644512    283.8861956    145.1126774     71.0231988
     470.000     -62.4189798    287.0089729    145.2932666     72.4752375
     480.000     -65.3044238    290.0696947    145.4635000     73.9290296
     490.000     -68.2201747    293.0707147    145.6241406     75.3844755
     500.000     -71.1656466    296.0142586    145.7758838     76.8414828
     510.000     -74.1402753    298.9024332    145.9193640     78.2999656
     520.000     -77.1435173    301.7372341    146.0551611     79.7598444
     530.000     -80.1748484    304.5205536    146.1838057     81.2210450
     540.000     -83.2337628    307.2541872    146.3057841     82.6834983
     550.000     -86.3197722    309.9398403    146.4215427     84.1471400
     560.000     -89.4324051    312.5791337    146.5314914     85.6119098
     570.000     -92.5712055    315.1736091    146.6360075     87.0777517
     580.000     -95.7357328    317.7247341    146.7354386     88.5446130
     590.000     -98.9255604    320.2339067    146.8301052     90.0124446
     600.000    -102.1402755    322.7024596    146.9203032     91.4812002
     610.000    -105.3794784    325.1316640    147.0063064     92.9508367
     620.000    -108.6427817    327.5227337    147.0883679     94.4213132
     630.000    -111.9298098    329.8768278    147.1667224     95.8925917
     640.000    -115.2401987    332.1950542    147.2415875     97.3646360
     650.000    -118.5735949    334.4784728    147.3131652     98.8374125
     660.000    -121.9296555    336.7280977    147.3816433    100.3108890
     670.000    -125.3080474    338.9449000    147.4471965    101.7850356
     680.000    -128.7084472    341.1298102    147.5099875    103.2598237
     690.000    -132.1305403    343.2837202    147.5701678    104.7352266
     700.000    -135.5740211    345.4074857    147.6278790    106.2112189
     710.000    -139.0385923    347.5019278    147.6832532    107.6877764
     720.000    -142.5239646    349.5678349    147.7364137    109.1648766
     730.000    -146.0298564    351.6059645    147.7874760    110.6424977
     740.000    -149.5559937    353.6170448    147.8365483    112.1206194
     750.000    -153.1021095    355.6017758    147.8837319    113.5992224
     760.000    -156.6679436    357.5608312    147.9291217    115.0782881
     770.000    -160.2532427    359.4948595    147.9728067    116.5577991
     780.000    -163.8577595    361.4044850    148.0148708    118.0377388
     790.000    -167.4812530    363.2903094    148.0553926    119.5180914
     800.000    -171.1234882    365.1529126    148.0944460    120.9988418
     810.000    -174.7842357    366.9928536    148.1321006    122.4799757
     820.000    -178.4632716    368.8106719    148.1684222    123.9614794
     830.000    -182.1603772    370.6068880    148.2034723    125.4433399
     840.000    -185.8753390    372.3820045    148.2373094    126.9255448
     850.000    -189.6079485    374.1365068    148.2699884    128.4080822
     860.000    -193.3580020    375.8708638    148.3015612    129.8909408
     870.000    -197.1253002    377.5855288    148.3320770    131.3741099
     880.000    -200.9096484    379.2809402    148.3615821    132.8575790
     890.000    -204.7108562    380.9575220    148.3901204    134.3413383
     900.000    -208.5287374    382.6156842    148.4177335    135.8253783
     910.000    -212.3631098    384.2558240    148.4444608    137.3096900
     920.000    -216.2137951    385.8783259    148.4703394    138.7942647
     930.000    -220.0806188    387.4835623    148.4954049    140.2790941
     940.000    -223.9634100    389.0718939    148.5196907    141.7641702
     950.000    -227.8620015    390.6436705    148.5432287    143.2494854
     960.000    -231.7762294    392.1992310    148.5660491    144.7350324
     970.000    -235.7059332    393.7389044    148.5881807    146.2208041
     980.000    -239.6509556    395.2630096    148.6096507    147.7067938
     990.000    -243.6111425    396.7718561    148.6304852    149.1929950
    1000.000    -247.5863428    398.2657443    148.6507090    150.6794015
    1010.000    -251.5764085    399.7449661    148.6703454    152.1660072
    1020.000    -255.5811942    401.2098046    148.6894170    153.6528065
    1030.000    -259.6005576    402.6605353    148.7079452    155.1397938
    1040.000    -263.6343588    404.0974254    148.7259502    156.6269637
    1050.000    -267.6824608    405.5207351    148.7434516    158.1143111
    1060.000    -271.7447291    406.9307171    148.7604678    159.6018311
    1070.000    -275.8210315    408.3276172    148.7770166    161.0895189
    1080.000    -279.9112386    409.7116746    148.7931149    162.5773699
    1090.000    -284.0152230    411.0831218    148.8087788    164.0653797
    1100.000    -288.1328598    412.4421853    148.8240237    165.5535441
    1110.000    -292.2640262    413.7890856    148.8388644    167.0418589
    1120.000    -296.4086016    415.1240373    148.8533150    168.5303201
    1130.000    -300.5664678    416.4472493    148.8673890    170.0189239
    1140.000    -304.7375082    417.7589253    148.8810994    171.5076667
    1150.000    -308.9216085    419.0592637    148.8944585    172.9965447
    1160.000    -313.1186563    420.3484578    148.9074782    174.4855547
    1170.000    -317.3285411    421.6266960    148.9201698    175.9746932
    1180.000    -321.5511543    422.8941622    148.9325443    177.4639570
    1190.000    -325.7863891    424.1510354    148.9446120    178.9533431
    1200.000    -330.0341403    425.3974905    148.9563831    180.4428483
    1210.000    -334.2943047    426.6336979    148.9678671    181.9324698
    1220.000    -338.5667807    427.8598241    148.9790732    183.4222047
    1230.000    -342.8514681    429.0760313    148.9900104    184.9120503
    1240.000    -347.1482687    430.2824780    149.0006871    186.4020040
    1250.000    -351.4570857    431.4793191    149.0111115    187.8920632
    1260.000    -355.7778236    432.6667056    149.0212915    189.3822255
    1270.000    -360.1103888    433.8447851    149.0312347    190.8724883
    1280.000    -364.4546888    435.0137017    149.0409483    192.3628494
    1290.000    -368.8106327    436.1735963    149.0504392    193.8533065
    1300.000    -373.1781311    437.3246066    149.0597144    195.3438574
    1310.000    -377.5570957    438.4668670    149.0687801    196.8345001
    1320.000    -381.9474397    439.6005091    149.0776427    198.3252324
    1330.000    -386.3490776    440.7256615    149.0863082    199.8160523
    1340.000    -390.7619250    441.8424500    149.0947823    201.3069579
    1350.000    -395.1858991    442.9509973    149.1030707    202.7979473
    1360.000    -399.6209179    444.0514240    149.1111786    204.2890187
    1370.000    -404.0669009    445.1438476    149.1191114    205.7801703
    1380.000    -408.5237686    446.2283833    149.1268740    207.2714004
    1390.000    -412.9914427    447.3051438    149.1344712    208.7627072
    1400.000    -417.4698459    448.3742394    149.1419076    210.2540893
    1410.000    -421.9589022    449.4357781    149.1491879    211.7455449
    1420.000    -426.4585366    450.4898656    149.1563162    213.2370725
    1430.000    -430.9686751    451.5366054    149.1632969    214.7286707
    1440.000    -435.4892446    452.5760990    149.1701338    216.2203380
    1450.000    -440.0201732    453.6084456    149.1768310    217.7120729
    1460.000    -444.5613900    454.6337426    149.1833922    219.2038741
    1470.000    -449.1128249    455.6520852    149.1898211    220.6957403
    1480.000    -453.6744088    456.6635669    149.1961212    222.1876701
    1490.000    -458.2460737    457.6682792    149.2022959    223.6796623
    1500.000    -462.8277522    458.6663119    149.2083485    225.1717156
    1510.000    -467.4193779    459.6577529    149.2142822    226.6638289
    1520.000    -472.0208855    460.6426884    149.2201001    228.1560009
    1530.000    -476.6322103    461.6212031    149.2258051    229.6482305
    1540.000    -481.2532885    462.5933799    149.2314002    231.1405166
    1550.000    -485.8840570    463.5593001    149.2368882    232.6328582
    1560.000    -490.5244539    464.5190435    149.2422717    234.1252540
    1570.000    -495.1744176    465.4726884    149.2475535    235.6177033
    1580.000    -499.8338876    466.4203116    149.2527360    237.1102048
    1590.000    -504.5028040    467.3619885    149.2578218    238.6027577
    1600.000    -509.1811078    468.2977929    149.2628131    240.0953609
    1610.000    -513.8687405    469.2277976    149.2677124    241.5880136
    1620.000    -518.5656446    470.1520738    149.2725218    243.0807149
    1630.000    -523.2717631    471.0706913    149.2772437    244.5734638
    1640.000    -527.9870398    471.9837191    149.2818799    246.0662594
    1650.000    -532.7114191    472.8912244    149.2864327    247.5591011
    1660.000    -537.4448461    473.7932735    149.2909040    249.0519878
    1670.000    -542.1872666    474.6899314    149.2952957    250.5449189
    1680.000    -546.9386270    475.5812622    149.2996098    252.0378935
    1690.000    -551.6988743    476.4673285    149.3038479    253.5309108
    1700.000    -556.4679562    477.3481920    149.3080120    255.0239702
    1710.000    -561.2458210    478.2239134    149.3121037    256.5170708
    1720.000    -566.0324175    479.0945521    149.3161246    258.0102120
    1730.000    -570.8276953    479.9601667    149.3200765    259.5033931
    1740.000    -575.6316043    480.8208147    149.3239608    260.9966133
    1750.000    -580.4440952    481.6765528    149.3277791    262.4898721
    1760.000    -585.2651192    482.5274363    149.3315329    263.9831687
    1770.000    -590.0946280    483.3735201    149.3352236    265.4765025
    1780.000    -594.9325738    484.2148577    149.3388526    266.9698730
    1790.000    -599.7789095    485.0515022    149.3424213    268.4632794
    1800.000    -604.6335883    485.8835053    149.3459311    269.9567212
    1810.000    -609.4965643    486.7109183    149.3493831    271.4501978
    1820.000    -614.3677916    487.5337913    149.3527787    272.9437087
    1830.000    -619.2472251    488.3521740    149.3561191    274.4372532
    1840.000    -624.1348203    489.1661147    149.3594055    275.9308309
    1850.000    -629.0305328    489.9756616    149.3626390    277.4244411
    1860.000    -633.9343190    490.7808615    149.3658207    278.9180835
    1870.000    -638.8461357    491.5817610    149.3689519    280.4117574
    1880.000    -643.7659400    492.3784055    149.3720334    281.9054624
    1890.000    -648.6936898    493.1708400    149.3750664    283.3991979
    1900.000    -653.6293429    493.9591087    149.3780519    284.8929635
    1910.000    -658.5728582    494.7432550    149.3809908    286.3867588
    1920.000    -663.5241944    495.5233217    149.3838842    287.8805832
    1930.000    -668.4833112    496.2993510    149.3867329    289.3744363
    1940.000    -673.4501681    497.0713845    149.3895379    290.8683177
    1950.000    -678.4247257    497.8394629    149.3923000    292.3622269
    1960.000    -683.4069444    498.6036265    149.3950202    293.8561636
    1970.000    -688.3967853    499.3639150    149.3976993    295.3501272
    1980.000    -693.3942099    500.1203673    149.4003380    296.8441174
    1990.000    -698.3991800    500.8730220    149.4029373    298.3381338
    2000.000    -703.4116578    501.6219169    149.4054978    299.8321760
