#      T [K]      F [kJ/mol]    S [J/K/mol]  C_v [J/K/mol]     E [kJ/mol]
       0.000      50.8820688      0.0000000      0.0000000     50.8820688
      10.000      50.8802715      0.8508597      3.3239960     50.8887801
      20.000      50.8358579     10.0587648     30.3474338     51.0370332
      30.000      50.6435058     29.7838073     70.2847233     51.5370200
      40.000      50.2203715     55.5161122    109.9840268     52.4410159
      50.000      49.5243276     83.9516622    145.3391362     53.7219107
      60.000      48.5387519    113.1908108    175.4545345     55.3302005
      70.000      47.2613608    142.1914861    200.7117838     57.2147649
      80.000      45.6975346    170.4177773    221.9245152     59.3309567
      90.000      43.8564240    197.6235168    239.9174729     61.6425405
     100.000      41.7487675    223.7208766    255.3693916     64.1208552
     110.000      39.3857243    248.7041461    268.7923401     66.7431804
     120.000      36.7782857    272.6076213    280.5615248     69.4912003
     130.000      33.9369985    295.4832957    290.9533185     72.3498270
     140.000      30.8718515    317.3894626    300.1765145     75.3063763
     150.000      27.5922441    338.3851002    308.3942565     78.3500092
     160.000      24.1069942    358.5272337    315.7383128     81.4713516
     170.000      20.4243643    377.8697958    322.3180731     84.6622296
     180.000      16.5520950    396.4632263    328.2262029     87.9154757
     190.000      12.4974402    414.3544272    333.5422833     91.2247813
     200.000       8.2672019    431.5868839    338.3352579     94.5845787
     210.000       3.8677638    448.2008573    342.6651769     97.9899438
     220.000      -0.6948781    464.2336021    346.5845155    101.4365143
     230.000      -5.4150860    479.7195884    350.1392233    104.9204193
     240.000     -10.2875540    494.6907174    353.3695920    108.4382182
     250.000     -15.3072829    509.1765251    356.3109912    111.9868484
     260.000     -20.4695582    523.2043730    358.9945012    115.5635788
     270.000     -25.7699286    536.7996253    361.4474616    119.1659703
     280.000     -31.2041873    549.9858123    363.6939490    122.7918401
     290.000     -36.7683543    562.7847804    365.7551917    126.4392320
     300.000     -42.4586600    575.2168307    367.6499324    130.1063892
     310.000     -48.2715309    587.3008453    369.3947426    133.7917311
     320.000     -54.2035755    599.0544028    371.0042965    137.4938334
     330.000     -60.2515722    610.4938846    372.4916087    141.2114098
     340.000     -66.4124573    621.6345709    373.8682408    144.9432968
     350.000     -72.6833153    632.4907294    375.1444811    148.6884401
     360.000     -79.0613680    643.0756958    376.3295005    152.4458824
     370.000     -85.5439669    653.4019466    377.4314878    156.2147534
     380.000     -92.1285836    663.4811672    378.4577676    159.9942599
     390.000     -98.8128034    673.3243121    379.4149029    163.7836783
     400.000    -105.5943173    682.9416612    380.3087843    167.5823472
     410.000    -112.4709162    692.3428709    381.1447083    171.3896609
     420.000    -119.4404846    701.5370207    381.9274447    175.2050641
     430.000    -126.5009949    710.5326554    382.6612966    179.0280469
     440.000    -133.6505028    719.3378249    383.3501523    182.8581401
     450.000    -140.8871419    727.9601191    383.9975310    186.6949117
     460.000    -148.2091196    736.4067015    384.6066228    190.5379631
     470.000    -155.6147128    744.6843384    385.1803240    194.3869262
     480.000    -163.1022645    752.7994270    385.7212683    198.2414604
     490.000    -170.6701798    760.7580207    386.2318540    202.1012504
     500.000    -178.3169224    768.5658522    386.7142684    205.9660036
     510.000    -186.0410124    776.2283548    387.1705092    209.8354486
     520.000    -193.8410223    783.7506827    387.6024031    213.7093327
     530.000    -201.7155751    791.1377287    388.0116234    217.5874211
     540.000    -209.6633415    798.3941411    388.3997044    221.4694947
     550.000    -217.6830373    805.5243394    388.7680548    225.3553494
     560.000    -225.7734216    812.5325285    389.1179699    229.2447944
     570.000    -233.9332945    819.4227120    389.4506420    233.1376513
     580.000    -242.1614952    826.1987045    389.7671700    237.0337534
     590.000    -250.4569001    832.8641430    390.0685678    240.9329443
     600.000    -258.8184211    839.4224976    390.3557721    244.8350774
     610.000    -267.2450042    845.8770811    390.6296491    248.7400153
     620.000    -275.7356274    852.2310582    390.8910008    252.6476287
     630.000    -284.2893001    858.4874542    391.1405706    256.5577961
     640.000    -292.9050609    864.6491625    391.3790481    260.4704031
     650.000    -301.5819769    870.7189525    391.6070738    264.3853422
     660.000    -310.3191424    876.6994760    391.8252430    268.3025118
     670.000    -319.1156774    882.5932738    392.0341100    272.2218161
     680.000    -327.9707269    888.4027818    392.2341907    276.1431647
     690.000    -336.8834599    894.1303363    392.4259665    280.0664722
     700.000    -345.8530680    899.7781797    392.6098861    283.9916578
     710.000    -354.8787649    905.3484649    392.7863691    287.9186451
     720.000    -363.9597856    910.8432602    392.9558074    291.8473617
     730.000    -373.0953851    916.2645536    393.1185678    295.7777390
     740.000    -382.2848381    921.6142568    393.2749936    299.7097120
     750.000    -391.5274378    926.8942088    393.4254066    303.6432188
     760.000    -400.8224957    932.1061799    393.5701087    307.5782011
     770.000    -410.1693405    937.2518745    393.7093830    311.5146029
     780.000    -419.5673177    942.3329349    393.8434956    315.4523715
     790.000    -429.0157890    947.3509436    393.9726965    319.3914565
     800.000    -438.5141315    952.3074267    394.0972210    323.3318099
     810.000    -448.0617374    957.2038560    394.2172904    327.2733860
     820.000    -457.6580132    962.0416521    394.3331133    331.2161415
     830.000    -467.3023795    966.8221860    394.4448862    335.1600348
     840.000    -476.9942704    971.5467819    394.5527946    339.1050264
     850.000    -486.7331330    976.2167193    394.6570134    343.0510784
     860.000    -496.5184268    980.8332345    394.7577079    346.9981549
     870.000    -506.3496236    985.3975229    394.8550343    350.9462213
     880.000    -516.2262070    989.9107407    394.9491402    354.8952448
     890.000    -526.1476719    994.3740065    395.0401652    358.8451939
     900.000    -536.1135242    998.7884028    395.1282417    362.7960383
     910.000    -546.1232806   1003.1549779    395.2134950    366.7477493
     920.000    -556.1764678   1007.4747467    395.2960437    370.7002992
     930.000    -566.2726227   1011.7486928    395.3760005    374.6536615
     940.000    -576.4112921   1015.9777691    395.4534721    378.6078109
     950.000    -586.5920316   1020.1628997    395.5285600    382.5627230
     960.000    -596.8144066   1024.3049803    395.6013605    386.5183745
     970.000    -607.0779907   1028.4048800    395.6719651    390.4747429
     980.000    -617.3823664   1032.4634420    395.7404607    394.4318068
     990.000    -627.7271244   1036.4814847    395.8069303    398.3895454
    1000.000    -638.1118636   1040.4598025    395.8714524    402.3479389
