#      T [K]      F [kJ/mol]    S [J/K/mol]  C_v [J/K/mol]     E [kJ/mol]
       0.000      27.2202526      0.0000000      0.0000000     27.2202526
      10.000      27.2196343      0.2805857      1.0438091     27.2224401
      20.000      27.2050639      3.3767864     10.7691891     27.2725996
      30.000      27.1374299     10.7774820     27.4379695     27.4607543
      40.000      26.9796132     21.1610682     45.6229257     27.8260559
      50.000      26.7086206     33.2355403     63.0010447     28.3703976
      60.000      26.3122040     46.1296223     78.5738142     29.0799814
      70.000      25.7851954     59.2807175     92.0515640     29.9348456
      80.000      25.1268990     72.3438876    103.5535722     30.9144100
      90.000      24.3392773     85.1222253    113.3640099     32.0002776
     100.000      23.4257520     97.5131358    121.7854857     33.1770656
     110.000      22.3904628    109.4706316    129.0785641     34.4322323
     120.000      21.2378313    120.9811355    135.4492254     35.7555676
     130.000      19.9723169    132.0488927    141.0555186     37.1386729
     140.000      18.5982844    142.6875211    146.0187464     38.5745373
     150.000      17.1199364    152.9152364    150.4335392     40.0572218
     160.000      15.5412822    162.7521941    154.3754278     41.5816333
     170.000      13.8661262    172.2190273    157.9061140     43.1433608
     180.000      12.0980676    181.3360531    161.0770245     44.7385571
     190.000      10.2405058    190.1228533    163.9317039     46.3638479
     200.000       8.2966490    198.5980649    166.5074530     48.0162620
     210.000       6.2695243    206.7792892    168.8364883     49.6931751
     220.000       4.1619879    214.6830688    170.9467955     51.3922631
     230.000       1.9767360    222.3249026    172.8627835     53.1114636
     240.000      -0.2836854    229.7192827    174.6058043     54.8489425
     250.000      -2.6168700    236.8797432    176.1945779     56.6030658
     260.000      -5.0205427    243.8189139    177.6455472     58.3723749
     270.000      -7.4925500    250.5485771    178.9731792     60.1555658
     280.000     -10.0308526    257.0797237    180.1902216     61.9514700
     290.000     -12.6335170    263.4226078    181.3079247     63.7590392
     300.000     -15.2987092    269.5867995    182.3362323     65.5773307
     310.000     -18.0246872    275.5812341    183.2839471     67.4054953
     320.000     -20.8097959    281.4142593    184.1588739     69.2427671
     330.000     -23.6524605    287.0936783    184.9679441     71.0884534
     340.000     -26.5511818    292.6267909    185.7173236     72.9419271
     350.000     -29.5045314    298.0204305    186.4125063     74.8026193
     360.000     -32.5111469    303.2809996    187.0583958     76.6700129
     370.000     -35.5697279    308.4145012    187.6593759     78.5436375
     380.000     -38.6790322    313.4265686    188.2193728     80.4230639
     390.000     -41.8378722    318.3224931    188.7419083     82.3079002
     400.000     -45.0451115    323.1072482    189.2301472     84.1977878
     410.000     -48.2996622    327.7855134    189.6869378     86.0923983
     420.000     -51.6004815    332.3616948    190.1148481     87.9914303
     430.000     -54.9465697    336.8399452    190.5161969     89.8946068
     440.000     -58.3369671    341.2241813    190.8930815     91.8016727
     450.000     -61.7707523    345.5181010    191.2474018     93.7123932
     460.000     -65.2470397    349.7251978    191.5808814     95.6265513
     470.000     -68.7649778    353.8487754    191.8950866     97.5439466
     480.000     -72.3237473    357.8919600    192.1914425     99.4643935
     490.000     -75.9225590    361.8577127    192.4712480    101.3877203
     500.000     -79.5606528    365.7488402    192.7356884    103.3137673
     510.000     -83.2372959    369.5680046    192.9858471    105.2423864
     520.000     -86.9517814    373.3177334    193.2227153    107.1734399
     530.000     -90.7034271    377.0004276    193.4472015    109.1067995
     540.000     -94.4915742    380.6183697    193.6601392    111.0423455
     550.000     -98.3155859    384.1737314    193.8622942    112.9799663
     560.000    -102.1748471    387.6685801    194.0543709    114.9195578
     570.000    -106.0687624    391.1048855    194.2370180    116.8610223
     580.000    -109.9967559    394.4845252    194.4108337    118.8042687
     590.000    -113.9582700    397.8092905    194.5763702    120.7492114
     600.000    -117.9527645    401.0808913    194.7341378    122.6957702
     610.000    -121.9797161    404.3009605    194.8846088    124.6438698
     620.000    -126.0386172    407.4710592    195.0282204    126.5934395
     630.000    -130.1289757    410.5926800    195.1653781    128.5444127
     640.000    -134.2503140    413.6672512    195.2964582    130.4967268
     650.000    -138.4021684    416.6961404    195.4218103    132.4503228
     660.000    -142.5840889    419.6806574    195.5417596    134.4051450
     670.000    -146.7956379    422.6220580    195.6566088    136.3611410
     680.000    -151.0363903    425.5215463    195.7666399    138.3182612
     690.000    -155.3059329    428.3802776    195.8721157    140.2764586
     700.000    -159.6038637    431.1993612    195.9732819    142.2356891
     710.000    -163.9297916    433.9798623    196.0703677    144.1959107
     720.000    -168.2833358    436.7228047    196.1635875    146.1570836
     730.000    -172.6641257    439.4291725    196.2531421    148.1191702
     740.000    -177.0718005    442.0999126    196.3392193    150.0821348
     750.000    -181.5060083    444.7359358    196.4219952    152.0459436
     760.000    -185.9664064    447.3381193    196.5016352    154.0105643
     770.000    -190.4526607    449.9073078    196.5782943    155.9759664
     780.000    -194.9644453    452.4443154    196.6521183    157.9421207
     790.000    -199.5014423    454.9499267    196.7232440    159.9089997
     800.000    -204.0633417    457.4248984    196.7918005    161.8765770
     810.000    -208.6498406    459.8699607    196.8579091    163.8448276
     820.000    -213.2606435    462.2858183    196.9216840    165.8137274
     830.000    -217.8954619    464.6731515    196.9832330    167.7832538
     840.000    -222.5540137    467.0326175    197.0426579    169.7533850
     850.000    -227.2360235    469.3648514    197.1000545    171.7241002
     860.000    -231.9412220    471.6704670    197.1555136    173.6953797
     870.000    -236.6693461    473.9500579    197.2091207    175.6672043
     880.000    -241.4201383    476.2041983    197.2609569    177.6395562
     890.000    -246.1933470    478.4334437    197.3110989    179.6124178
     900.000    -250.9887260    480.6383319    197.3596192    181.5857727
     910.000    -255.8060342    482.8193838    197.4065867    183.5596050
     920.000    -260.6450359    484.9771037    197.4520664    185.5338995
     930.000    -265.5055002    487.1119804    197.4961203    187.5086416
     940.000    -270.3872009    489.2244876    197.5388069    189.4838174
     950.000    -275.2899169    491.3150845    197.5801820    191.4594134
     960.000    -280.2134311    493.3842166    197.6202984    193.4354168
     970.000    -285.1575311    495.4323159    197.6592064    195.4118153
     980.000    -290.1220087    497.4598018    197.6969539    197.3885971
     990.000    -295.1066598    499.4670813    197.7335862    199.3657507
    1000.000    -300.1112843    501.4545495    197.7691467    201.3432652