#      T [K]      F [kJ/mol]    S [J/K/mol]  C_v [J/K/mol]     E [kJ/mol]
       0.000      61.8503699      0.0000000      0.0000000     61.8503699
      10.000      61.8486842      0.9153304      4.0432798     61.8578375
      20.000      61.7960541     11.9057980     34.9482257     62.0341701
      30.000      61.5741687     33.7864425     76.2999318     62.5877620
      40.000      61.1008472     61.5972409    119.0903996     63.5647369
      50.000      60.3314300     92.6757018    160.5999510     64.9652150
      60.000      59.2418983    125.4019933    198.9331850     66.7660179
      70.000      57.8215288    158.6990963    233.2664582     68.9304655
      80.000      56.0683786    191.8661233    263.5071020     71.4176685
      90.000      53.9861252    224.4631979    289.9133786     74.1878130
     100.000      51.5819099    256.2254564    312.8762348     77.2044555
     110.000      48.8649060    287.0032127    332.8148718     80.4352594
     120.000      45.8453810    316.7219360    350.1303449     83.8520134
     130.000      42.5340868    345.3557976    365.1866416     87.4303405
     140.000      38.9418655    372.9101779    378.3047631     91.1492904
     150.000      35.0793996    399.4100510    389.7629997     94.9909072
     160.000      30.9570574    424.8922477    399.8000653     98.9398171
     170.000      26.5848021    449.4002981    408.6193843    102.9828528
     180.000      21.9721427    472.9810079    416.3936426    107.1087241
     190.000      17.1281136    495.6822035    423.2691502    111.3077323
     200.000      12.0612723    517.5512707    429.3698041    115.5715264
     210.000       6.7797084    538.6342326    434.8005734    119.8928972
     220.000       1.2910607    558.9751933    439.6505016    124.2656032
     230.000      -4.3974620    578.6160287    443.9952595    128.6842246
     240.000     -10.2790581    597.5962436    447.8992953    133.1440404
     250.000     -16.3473088    615.9529379    451.4176363    137.6409257
     260.000     -22.5961545    633.7208450    454.5973926    142.1712652
     270.000     -29.0198714    650.9324142    457.4790104    146.7318804
     280.000     -35.6130494    667.6179203    460.0973157    151.3199682
     290.000     -42.3705706    683.8055872    462.4823838    155.9330497
     300.000     -49.2875896    699.5217175    464.6602638    160.5689257
     310.000     -56.3595150    714.7908230    466.6535841    165.2256401
     320.000     -63.5819923    729.6357514    468.4820591    169.9014481
     330.000     -70.9508873    744.0778084    470.1629130    174.5947894
     340.000     -78.4622720    758.1368730    471.7112371    179.3042648
     350.000     -86.1124101    771.8315055    473.1402900    184.0286168
     360.000     -93.8977452    785.1790483    474.4617514    188.7667122
     370.000    -101.8148883    798.1957190    475.6859369    193.5175277
     380.000    -109.8606074    810.8966964    476.8219804    198.2801372
     390.000    -118.0318174    823.2962001    477.8779896    203.0537006
     400.000    -126.3255710    835.4075635    478.8611781    207.8374543
     410.000    -134.7390500    847.2433000    479.7779792    212.6307030
     420.000    -143.2695575    858.8151653    480.6341432    217.4328119
     430.000    -151.9145107    870.1342131    481.4348207    222.2432009
     440.000    -160.6714338    881.2108469    482.1846353    227.0613388
     450.000    -169.5379523    892.0548674    482.8877461    231.8867380
     460.000    -178.5117867    902.6755157    483.5479010    236.7189506
     470.000    -187.5907472    913.0815135    484.1684849    241.5575642
     480.000    -196.7727289    923.2810990    484.7525597    246.4021986
     490.000    -206.0557071    933.2820613    485.3029004    251.2525029
     500.000    -215.4377327    943.0917706    485.8220265    256.1081526
     510.000    -224.9169283    952.7172067    486.3122290    260.9688471
     520.000    -234.4914847    962.1649854    486.7755951    265.8343077
     530.000    -244.1596568    971.4413824    487.2140288    270.7042759
     540.000    -253.9197609    980.5523555    487.6292698    275.5785110
     550.000    -263.7701714    989.5035649    488.0229105    280.4567893
     560.000    -273.7093177    998.3003924    488.3964098    285.3389021
     570.000    -283.7356817   1006.9479589    488.7511069    290.2246548
     580.000    -293.8477956   1015.4511401    489.0882323    295.1138657
     590.000    -304.0442388   1023.8145821    489.4089184    300.0063647
     600.000    -314.3236362   1032.0427149    489.7142084    304.9019927
     610.000    -324.6846561   1040.1397654    490.0050649    309.8006008
     620.000    -335.1260081   1048.1097693    490.2823768    314.7020489
     630.000    -345.6464409   1055.9565822    490.5469664    319.6062059
     640.000    -356.2447414   1063.6838902    490.7995946    324.5129484
     650.000    -366.9197321   1071.2952191    491.0409669    329.4221603
     660.000    -377.6702704   1078.7939436    491.2717379    334.3337324
     670.000    -388.4952465   1086.1832958    491.4925155    339.2475617
     680.000    -399.3935821   1093.4663726    491.7038648    344.1635512
     690.000    -410.3642296   1100.6461433    491.9063121    349.0816093
     700.000    -421.4061701   1107.7254565    492.1003474    354.0016495
     710.000    -432.5184130   1114.7070461    492.2864277    358.9235898
     720.000    -443.6999941   1121.5935375    492.4649797    363.8473529
     730.000    -454.9499751   1128.3874531    492.6364018    368.7728656
     740.000    -466.2674426   1135.0912176    492.8010667    373.7000584
     750.000    -477.6515068   1141.7071631    492.9593232    378.6288656
     760.000    -489.1013006   1148.2375333    493.1114979    383.5592246
     770.000    -500.6159794   1154.6844879    493.2578969    388.4910763
     780.000    -512.1947193   1161.0501071    493.3988076    393.4243643
     790.000    -523.8367171   1167.3363951    493.5344995    398.3590350
     800.000    -535.5411892   1173.5452837    493.6652262    403.2950377
     810.000    -547.3073710   1179.6786356    493.7912259    408.2323238
     820.000    -559.1345161   1185.7382480    493.9127228    413.1708472
     830.000    -571.0218959   1191.7258553    494.0299281    418.1105640
     840.000    -582.9687988   1197.6431321    494.1430407    423.0514321
     850.000    -594.9745295   1203.4916957    494.2522482    427.9934118
     860.000    -607.0384089   1209.2731088    494.3577276    432.9364647
     870.000    -619.1597729   1214.9888820    494.4596460    437.8805544
     880.000    -631.3379726   1220.6404760    494.5581615    442.8256463
     890.000    -643.5723732   1226.2293034    494.6534232    447.7717068
     900.000    -655.8623540   1231.7567315    494.7455724    452.7187043
     910.000    -668.2073076   1237.2240835    494.8347427    457.6666084
     920.000    -680.6066397   1242.6326407    494.9210607    462.6153897
     930.000    -693.0597686   1247.9836441    495.0046465    467.5650205
     940.000    -705.5661248   1253.2782964    495.0856136    472.5154739
     950.000    -718.1251506   1258.5177631    495.1640701    477.4667244
     960.000    -730.7362998   1263.7031741    495.2401184    482.4187473
     970.000    -743.3990375   1268.8356253    495.3138556    487.3715190
     980.000    -756.1128394   1273.9161799    495.3853743    492.3250170
     990.000    -768.8771916   1278.9458697    495.4547623    497.2792194
    1000.000    -781.6915905   1283.9256960    495.5221031    502.2341054
