       0.000      61.8411565      0.0000000      0.0000000     61.8411565
      10.000      61.8393868      0.9384821      4.0772256     61.8487716
      20.000      61.7864518     11.9339475     34.9094255     62.0251308
      30.000      61.5643977     33.7922854     76.2426484     62.5781663
      40.000      61.0910899     61.5909574    119.0683267     63.5547282
      50.000      60.3217463     92.6686849    160.6152279     64.9551805
      60.000      59.2322619    125.4001700    198.9734140     66.7562721
      70.000      57.8118747    158.7045825    233.3196903     68.9211955
      80.000      56.0586320    191.8790927    263.5649550     71.4089594
      90.000      53.9762141    224.4829894    289.9707241     74.1796831
     100.000      51.5717706    256.2511352    312.9302628     77.1968841
     110.000      48.8544844    287.0338297    332.8642613     80.4282057
     120.000      45.8346322    316.7566340    350.1746668     83.8454283
     130.000      42.5229737    345.3938443    365.2259652     87.4241735
     140.000      38.9303578    372.9509653    378.3394124     91.1434929
     150.000      35.0674724    399.4530818    389.7934092     94.9854347
     160.000      30.9446905    424.9371179    399.8266979     98.9346293
     170.000      26.5719786    449.4466809    408.6426880    102.9779144
     180.000      21.9588490    473.0286383    416.4140297    107.1040039
     190.000      17.1143382    495.7308664    423.2869894    111.3032029
     200.000      12.0470058    517.6007907    429.3854192    115.5671640
     210.000       6.7649430    538.6844664    434.8142460    119.8886810
     220.000       1.2757900    559.0260231    439.6624749    124.2615150
     230.000      -4.4132436    578.6673571    444.0057431    128.6802485
     240.000     -10.2953551    597.6479899    447.9084695    133.1401625
     250.000     -16.3641250    616.0050348    451.4256560    137.6371337
     260.000     -22.6134932    633.7732362    454.6043914    142.1675482
     270.000     -29.0377354    650.9850522    457.4851037    146.7282287
     280.000     -35.6314408    667.6707651    460.1026031    151.3163734
     290.000     -42.3894913    683.8586047    462.4869517    155.9295040
     300.000     -49.3070412    699.5748789    464.6641874    160.5654224
     310.000     -56.3794989    714.8441034    466.6569290    165.2221731
     320.000     -63.6025095    729.6891296    468.4848824    169.8980120
     330.000     -70.9719387    744.1312661    470.1652652    174.5913791
     340.000     -78.4838583    758.1903945    471.7131623    179.3008759
     350.000     -86.1345319    771.8850772    473.1418274    184.0252451
     360.000     -93.9204029    785.2326583    474.4629355    188.7633541
     370.000    -101.8380823    798.2493569    475.6867983    193.5141798
     380.000    -109.8843378    810.9503533    476.8225466    198.2767964
     390.000    -118.0560845    823.3498682    477.8782848    203.0503641
     400.000    -126.3503748    835.4612358    478.8612242    207.8341195
     410.000    -134.7643905    847.2969706    479.7777958    212.6273674
     420.000    -143.2954347    858.8688289    480.6337477    217.4294735
     430.000    -151.9409244    870.1878651    481.4342291    222.2398576
     440.000    -160.6983840    881.2644832    482.1838621    227.0579886
     450.000    -169.5654388    892.1084844    482.8868040    231.8833792
     460.000    -178.5398092    902.7291103    483.5468021    236.7155816
     470.000    -187.6193055    913.1350828    484.1672398    241.5541834
     480.000    -196.8018228    923.3346407    484.7511781    246.3988047
     490.000    -206.0853363    933.3355732    485.3013913    251.2490946
     500.000    -215.4678968    943.1452507    485.8203980    256.1047286
     510.000    -224.9476271    952.7706535    486.3104887    260.9654062
     520.000    -234.5227177    962.2183974    486.7737498    265.8308489
     530.000    -244.1914238    971.4947583    487.2120848    270.7007981
     540.000    -253.9520615    980.6056942    487.6272331    275.5750133
     550.000    -263.8030052    989.5568654    488.0207864    280.4532708
     560.000    -273.7426842    998.3536539    488.3942033    285.3353620
     570.000    -283.7695807   1007.0011806    488.7488225    290.2210922
     580.000    -293.8822266   1015.5043215    489.0858743    295.1102799
     590.000    -304.0792014   1023.8677226    489.4064907    300.0027549
     600.000    -314.3591300   1032.0958140    489.7117148    304.8983584
     610.000    -324.7206807   1040.1928228    490.0025087    309.7969411
     620.000    -335.1625630   1048.1627846    490.2797613    314.6983634
     630.000    -345.6835258   1056.0095552    490.5442945    319.6024940
     640.000    -356.2823558   1063.7368207    490.7968692    324.5092095
     650.000    -366.9578756   1071.3481069    491.0381906    329.4183939
     660.000    -377.7089426   1078.8467887    491.2689130    334.3299379
     670.000    -388.5344469   1086.2360980    491.4896443    339.2437388
     680.000    -399.4333103   1093.5191320    491.7009495    344.1596994
     690.000    -410.4044852   1100.6988599    491.9033547    349.0777281
     700.000    -421.4469527   1107.7781302    492.0973497    353.9977385
     710.000    -432.5597220   1114.7596770    492.2833916    358.9196486
     720.000    -443.7418292   1121.6461256    492.4619068    363.8433812
     730.000    -454.9923360   1128.4399986    492.6332938    368.7688630
     740.000    -466.3103287   1135.1437207    492.7979250    373.6960246
     750.000    -477.6949177   1141.7596238    492.9561492    378.6248002
     760.000    -489.1452359   1148.2899516    493.1082929    383.5551273
     770.000    -500.6604386   1154.7368642    493.2546622    388.4869468
     780.000    -512.2397021   1161.1024415    493.3955443    393.4202023
     790.000    -523.8822230   1167.3886877    493.5312089    398.3548403
     800.000    -535.5872179   1173.5975347    493.6619092    403.2908099
     810.000    -547.3539220   1179.7308453    493.7878836    408.2280627
     820.000    -559.1815890   1185.7904165    493.9093561    413.1665526
     830.000    -571.0694903   1191.7779829    494.0265380    418.1062355
     840.000    -583.0169142   1197.6952189    494.1396279    423.0470697
     850.000    -595.0231656   1203.5437420    494.2488137    427.9890151
     860.000    -607.0875652   1209.3251148    494.3542721    432.9320335
     870.000    -619.2094491   1215.0408480    494.4561703    437.8760886
     880.000    -631.3881683   1220.6924021    494.5546662    442.8211456
     890.000    -643.6230880   1226.2811900    494.6499091    447.7671711
     900.000    -655.9135874   1231.8085787    494.7420401    452.7141334
     910.000    -668.2590593   1237.2758915    494.8311928    457.6620020
     920.000    -680.6589093   1242.6844098    494.9174939    462.6107478
     930.000    -693.1125556   1248.0353746    495.0010632    467.5603428
     940.000    -705.6194289   1253.3299885    495.0820145    472.5107603
     950.000    -718.1789715   1258.5694170    495.1604557    477.4619747
     960.000    -730.7906371   1263.7547901    495.2364890    482.4139614
     970.000    -743.4538907   1268.8872036    495.3102119    487.3666968
     980.000    -756.1682082   1273.9677208    495.3817166    492.3201582
     990.000    -768.9330756   1278.9973733    495.4510911    497.2743240
    1000.000    -781.7479894   1283.9771627    495.5184188    502.2291732
    1010.000    -794.6124559   1288.9080611    495.5837793    507.1846858
    1020.000    -807.5259908   1293.7910131    495.6472483    512.1408425
    1030.000    -820.4881194   1298.6269360    495.7088978    517.0976247
    1040.000    -833.4983758   1303.4167215    495.7687965    522.0550146
    1050.000    -846.5563029   1308.1612362    495.8270100    527.0129950
    1060.000    -859.6614524   1312.8613225    495.8836008    531.9715494
    1070.000    -872.8133840   1317.5177999    495.9386283    536.9306618
    1080.000    -886.0116657   1322.1314654    495.9921496    541.8903170
    1090.000    -899.2558732   1326.7030947    496.0442189    546.8505000
    1100.000    -912.5455900   1331.2334424    496.0948882    551.8111967
    1110.000    -925.8804069   1335.7232434    496.1442072    556.7723933
    1120.000    -939.2599221   1340.1732130    496.1922232    561.7340765
    1130.000    -952.6837407   1344.5840480    496.2389817    566.6962335
    1140.000    -966.1514749   1348.9564271    496.2845261    571.6588521
    1150.000    -979.6627433   1353.2910117    496.3288980    576.6219202
    1160.000    -993.2171713   1357.5884461    496.3721372    581.5854263
    1170.000   -1006.8143905   1361.8493587    496.4142818    586.5493592
    1180.000   -1020.4540387   1366.0743619    496.4553685    591.5137084
    1190.000   -1034.1357600   1370.2640531    496.4954322    596.4784632
    1200.000   -1047.8592040   1374.4190148    496.5345065    601.4436137
    1210.000   -1061.6240264   1378.5398153    496.5726238    606.4091501
    1220.000   -1075.4298883   1382.6270094    496.6098149    611.3750631
    1230.000   -1089.2764564   1386.6811381    496.6461095    616.3413435
    1240.000   -1103.1634026   1390.7027299    496.6815363    621.3079824
    1250.000   -1117.0904042   1394.6923005    496.7161225    626.2749714
    1260.000   -1131.0571436   1398.6503537    496.7498945    631.2423021
    1270.000   -1145.0633079   1402.5773815    496.7828777    636.2099666
    1280.000   -1159.1085894   1406.4738645    496.8150963    641.1779571
    1290.000   -1173.1926849   1410.3402721    496.8465738    646.1462661
    1300.000   -1187.3152961   1414.1770633    496.8773327    651.1148862
    1310.000   -1201.4761290   1417.9846866    496.9073947    656.0838104
    1320.000   -1215.6748941   1421.7635803    496.9367806    661.0530319
    1330.000   -1229.9113063   1425.5141730    496.9655105    666.0225439
    1340.000   -1244.1850846   1429.2368840    496.9936037    670.9923399
    1350.000   -1258.4959524   1432.9321231    497.0210790    675.9624139
    1360.000   -1272.8436368   1436.6002914    497.0479542    680.9327595
    1370.000   -1287.2278693   1440.2417812    497.0742467    685.9033710
    1380.000   -1301.6483848   1443.8569764    497.0999733    690.8742426
    1390.000   -1316.1049224   1447.4462525    497.1251499    695.8453686
    1400.000   -1330.5972247   1451.0099775    497.1497921    700.8167438
    1410.000   -1345.1250380   1454.5485112    497.1739150    705.7883628
    1420.000   -1359.6881121   1458.0622060    497.1975329    710.7602204
    1430.000   -1374.2862005   1461.5514072    497.2206600    715.7323118
    1440.000   -1388.9190597   1465.0164526    497.2433096    720.7046320
    1450.000   -1403.5864501   1468.4576735    497.2654948    725.6771764
    1460.000   -1418.2881349   1471.8753940    497.2872281    730.6499404
    1470.000   -1433.0238807   1475.2699321    497.3085219    735.6229195
    1480.000   -1447.7934573   1478.6415991    497.3293878    740.5961094
    1490.000   -1462.5966375   1481.9907002    497.3498372    745.5695059
    1500.000   -1477.4331971   1485.3175346    497.3698810    750.5431048
    1510.000   -1492.3029149   1488.6223954    497.3895300    755.5169022
    1520.000   -1507.2055727   1491.9055703    497.4087944    760.4908941
    1530.000   -1522.1409550   1495.1673410    497.4276842    765.4650768
    1540.000   -1537.1088491   1498.4079842    497.4462091    770.4394466
    1550.000   -1552.1090451   1501.6277709    497.4643782    775.4139998
    1560.000   -1567.1413359   1504.8269672    497.4822008    780.3887330
    1570.000   -1582.2055167   1508.0058340    497.4996855    785.3636427
    1580.000   -1597.3013856   1511.1646274    497.5168408    790.3387256
    1590.000   -1612.4287432   1514.3035985    497.5336750    795.3139785
    1600.000   -1627.5873924   1517.4229940    497.5501959    800.2893981
    1610.000   -1642.7771386   1520.5230559    497.5664113    805.2649814
    1620.000   -1657.9977898   1523.6040217    497.5823287    810.2407253
    1630.000   -1673.2491562   1526.6661246    497.5979553    815.2166270
    1640.000   -1688.5310502   1529.7095937    497.6132982    820.1926835
    1650.000   -1703.8432867   1532.7346538    497.6283641    825.1688920
    1660.000   -1719.1856826   1535.7415256    497.6431598    830.1452498
    1670.000   -1734.5580573   1538.7304261    497.6576916    835.1217543
    1680.000   -1749.9602320   1541.7015683    497.6719657    840.0984028
    1690.000   -1765.3920302   1544.6551615    497.6859882    845.0751928
    1700.000   -1780.8532774   1547.5914113    497.6997650    850.0521218
    1710.000   -1796.3438013   1550.5105196    497.7133018    855.0291873
    1720.000   -1811.8634313   1553.4126851    497.7266040    860.0063870
    1730.000   -1827.4119991   1556.2981027    497.7396772    864.9837186
    1740.000   -1842.9893382   1559.1669644    497.7525265    869.9611798
    1750.000   -1858.5952839   1562.0194584    497.7651569    874.9387684
    1760.000   -1874.2296734   1564.8557703    497.7775735    879.9164822
    1770.000   -1889.8923459   1567.6760820    497.7897811    884.8943192
    1780.000   -1905.5831423   1570.4805728    497.8017842    889.8722772
    1790.000   -1921.3019052   1573.2694187    497.8135875    894.8503542
    1800.000   -1937.0484791   1576.0427930    497.8251952    899.8285483
    1810.000   -1952.8227101   1578.8008661    497.8366118    904.8068575
    1820.000   -1968.6244460   1581.5438054    497.8478414    909.7852799
    1830.000   -1984.4535363   1584.2717760    497.8588881    914.7638137
    1840.000   -2000.3098322   1586.9849398    497.8697558    919.7424571
    1850.000   -2016.1931863   1589.6834565    497.8804483    924.7212082
    1860.000   -2032.1034530   1592.3674830    497.8909693    929.7000655
    1870.000   -2048.0404882   1595.0371739    497.9013226    934.6790271
    1880.000   -2064.0041492   1597.6926811    497.9115117    939.6580914
    1890.000   -2079.9942950   1600.3341544    497.9215400    944.6372567
    1900.000   -2096.0107860   1602.9617409    497.9314109    949.6165216
    1910.000   -2112.0534840   1605.5755856    497.9411277    954.5958845
    1920.000   -2128.1222524   1608.1758313    497.9506935    959.5753437
    1930.000   -2144.2169558   1610.7626184    497.9601115    964.5548978
    1940.000   -2160.3374603   1613.3360854    497.9693846    969.5345454
    1950.000   -2176.4836335   1615.8963685    497.9785159    974.5142851
    1960.000   -2192.6553442   1618.4436018    497.9875083    979.4941153
    1970.000   -2208.8524625   1620.9779174    497.9963644    984.4740348
    1980.000   -2225.0748599   1623.4994455    498.0050871    989.4540421
    1990.000   -2241.3224092   1626.0083142    498.0136790    994.4341361
    2000.000   -2257.5949844   1628.5046499    498.0221427    999.4143153
