#      T [K]      F [kJ/mol]    S [J/K/mol]  C_v [J/K/mol]     E [kJ/mol]
       0.000      46.6598074      0.0000000      0.0000000     46.6598074
      10.000      46.6466237      4.1807715      8.2868723     46.6884314
      20.000      46.5609014     12.9878648     17.3516274     46.8206587
      30.000      46.3882740     21.5162693     25.6409614     47.0337621
      40.000      46.1295175     30.3442820     36.7757839     47.3432888
      50.000      45.7785795     40.0021506     50.7105530     47.7786870
      60.000      45.3262237     50.6279361     66.5586858     48.3638999
      70.000      44.7630699     62.1356975     83.2264227     49.1125687
      80.000      44.0811996     74.3358859     99.7975293     50.0280704
      90.000      43.2747574     87.0151946    115.6592700     51.1061249
     100.000      42.3399558     99.9775808    130.4646606     52.3377139
     110.000      41.2748112    113.0594905    144.0551366     53.7113552
     120.000      40.0788010    126.1319412    156.3931673     55.2146340
     130.000      38.7525329    139.0971021    167.5137916     56.8351562
     140.000      37.2974583    151.8831577    177.4922018     58.5611004
     150.000      35.7156385    164.4391246    186.4228990     60.3815072
     160.000      34.0095600    176.7302654    194.4067498     62.2864024
     170.000      32.1819914    188.7342774    201.5432922     64.2668185
     180.000      30.2358754    200.4382362    207.9264535     66.3147579
     190.000      28.1742472    211.8361969    213.6424336     68.4231246
     200.000      26.0001745    222.9273398    218.7689198     70.5856425
     210.000      23.7167138    233.7145511    223.3750908     72.7967695
     220.000      21.3268785    244.2033455    227.5220581     75.0516145
     230.000      18.8336173    254.4010541    231.2635266     77.3458597
     240.000      16.2397993    264.3162147    234.6465402     79.6756908
     250.000      13.5482039    273.9581180    237.7122342     82.0377334
     260.000      10.7615154    283.3364717    240.4965504     84.4289981
     270.000       7.8823200    292.4611539    243.0308939     86.8468316
     280.000       4.9131050    301.3420343    245.3427228     89.2888746
     290.000       1.8562596    309.9888456    247.4560684     91.7530248
     300.000      -1.2859234    318.4110942    249.3919921     94.2374049
     310.000      -4.5112445    326.6179988    251.1689817     96.7403351
     320.000      -7.8175952    334.6184511    252.8032938     99.2603091
     330.000     -11.2029539    342.4209915    254.3092508    101.7959733
     340.000     -14.6653827    350.0337978    255.6994951    104.3461086
     350.000     -18.2030235    357.4646811    256.9852088    106.9096149
     360.000     -21.8140947    364.7210895    258.1763025    109.4854975
     370.000     -25.4968874    371.8101145    259.2815778    112.0728550
     380.000     -29.2497616    378.7385021    260.3088675    114.6708692
     390.000     -33.0711434    385.5126644    261.2651562    117.2787958
     400.000     -36.9595211    392.1386941    262.1566847    119.8959565
     410.000     -40.9134428    398.6223782    262.9890401    122.5217323
     420.000     -44.9315126    404.9692129    263.7672343    125.1555568
     430.000     -49.0123883    411.1844182    264.4957713    127.7969115
     440.000     -53.1547787    417.2729523    265.1787066    130.4453203
     450.000     -57.3574409    423.2395260    265.8196983    133.1003458
     460.000     -61.6191777    429.0886156    266.4220519    135.7615855
     470.000     -65.9388358    434.8244763    266.9887597    138.4286681
     480.000     -70.3153033    440.4511546    267.5225347    141.1012509
     490.000     -74.7475078    445.9725000    268.0258410    143.7790173
     500.000     -79.2344144    451.3921762    268.5009201    146.4616737
     510.000     -83.7750240    456.7136714    268.9498143    149.1489484
     520.000     -88.3683716    461.9403088    269.3743870    151.8405889
     530.000     -93.0135246    467.0752554    269.7763412    154.5363608
     540.000     -97.7095812    472.1215311    270.1572354    157.2360456
     550.000    -102.4556693    477.0820169    270.5184978    159.9394400
     560.000    -107.2509448    481.9594629    270.8614390    162.6463545
     570.000    -112.0945905    486.7564952    271.1872635    165.3566118
     580.000    -116.9858150    491.4756231    271.4970793    168.0700464
     590.000    -121.9238513    496.1192452    271.7919074    170.7865034
     600.000    -126.9079559    500.6896560    272.0726894    173.5058377
     610.000    -131.9374077    505.1890508    272.3402949    176.2279133
     620.000    -137.0115072    509.6195316    272.5955280    178.9526024
     630.000    -142.1295753    513.9831118    272.8391326    181.6797851
     640.000    -147.2909528    518.2817210    273.0717986    184.4093486
     650.000    -152.4949994    522.5172094    273.2941654    187.1411867
     660.000    -157.7410926    526.6913517    273.5068272    189.8751995
     670.000    -163.0286276    530.8058513    273.7103359    192.6112928
     680.000    -168.3570162    534.8623437    273.9052054    195.3493775
     690.000    -173.7256863    538.8624000    274.0919141    198.0893697
     700.000    -179.1340812    542.8075303    274.2709081    200.8311900
     710.000    -184.5816587    546.6991862    274.4426036    203.5747635
     720.000    -190.0678913    550.5387644    274.6073893    206.3200191
     730.000    -195.5922649    554.3276087    274.7656285    209.0668895
     740.000    -201.1542787    558.0670130    274.9176613    211.8153110
     750.000    -206.7534445    561.7582235    275.0638059    214.5652231
     760.000    -212.3892865    565.4024407    275.2043607    217.3165685
     770.000    -218.0613405    569.0008223    275.3396053    220.0692926
     780.000    -223.7691539    572.5544841    275.4698024    222.8233437
     790.000    -229.5122848    576.0645030    275.5951986    225.5786726
     800.000    -235.2903019    579.5319180    275.7160257    228.3352325
     810.000    -241.1027844    582.9577322    275.8325020    231.0929787
     820.000    -246.9493211    586.3429144    275.9448325    233.8518687
     830.000    -252.8295104    589.6884007    276.0532109    236.6118621
     840.000    -258.7429599    592.9950955    276.1578193    239.3729204
     850.000    -264.6892859    596.2638735    276.2588298    242.1350065
     860.000    -270.6681138    599.4955805    276.3564047    244.8980855
     870.000    -276.6790767    602.6910349    276.4506973    247.6621237
     880.000    -282.7218163    605.8510287    276.5418525    250.4270890
     890.000    -288.7959816    608.9763285    276.6300074    253.1929507
     900.000    -294.9012297    612.0676769    276.7152915    255.9596796
     910.000    -301.0372244    615.1257932    276.7978278    258.7272474
     920.000    -307.2036371    618.1513744    276.8777324    261.4956274
     930.000    -313.4001457    621.1450961    276.9551156    264.2647936
     940.000    -319.6264350    624.1076134    277.0300819    267.0347216
     950.000    -325.8821961    627.0395617    277.1027307    269.8053876
     960.000    -332.1671264    629.9415575    277.1731560    272.5767688
     970.000    -338.4809294    632.8141989    277.2414473    275.3488436
     980.000    -344.8233144    635.6580667    277.3076897    278.1215909
     990.000    -351.1939967    638.4737247    277.3719640    280.8949908
    1000.000    -357.5926967    641.2617206    277.4343471    283.6690239
    1010.000    -364.0191407    644.0225865    277.4949123    286.4436717
    1020.000    -370.4730598    646.7568393    277.5537292    289.2189163
    1030.000    -376.9541904    649.4649816    277.6108643    291.9947407
    1040.000    -383.4622740    652.1475021    277.6663809    294.7711282
    1050.000    -389.9970566    654.8048759    277.7203394    297.5480631
    1060.000    -396.5582892    657.4375653    277.7727972    300.3255300
    1070.000    -403.1457272    660.0460200    277.8238095    303.1035142
    1080.000    -409.7591303    662.6306776    277.8734286    305.8820015
    1090.000    -416.3982628    665.1919643    277.9217047    308.6609783
    1100.000    -423.0628931    667.7302949    277.9686856    311.4404313
    1110.000    -429.7527935    670.2460733    278.0144172    314.2203479
    1120.000    -436.4677407    672.7396931    278.0589433    317.0007156
    1130.000    -443.2075148    675.2115378    278.1023056    319.7815228
    1140.000    -449.9719001    677.6619808    278.1445444    322.5627580
    1150.000    -456.7606843    680.0913865    278.1856979    325.3444101
    1160.000    -463.5736589    682.5001098    278.2258030    328.1264685
    1170.000    -470.4106187    684.8884970    278.2648948    330.9089228
    1180.000    -477.2713622    687.2568858    278.3030072    333.6917631
    1190.000    -484.1556909    689.6056056    278.3401725    336.4749798
    1200.000    -491.0634098    691.9349777    278.3764217    339.2585635
    1210.000    -497.9943270    694.2453159    278.4117847    342.0425053
    1220.000    -504.9482537    696.5369262    278.4462900    344.8267963
    1230.000    -511.9250041    698.8101076    278.4799650    347.6114283
    1240.000    -518.9243954    701.0651519    278.5128362    350.3963930
    1250.000    -525.9462476    703.3023440    278.5449288    353.1816824
    1260.000    -532.9903837    705.5219625    278.5762672    355.9672890
    1270.000    -540.0566292    707.7242792    278.6068748    358.7532053
    1280.000    -547.1448125    709.9095599    278.6367741    361.5394242
    1290.000    -554.2547645    712.0780643    278.6659867    364.3259385
    1300.000    -561.3863187    714.2300464    278.6945335    367.1127417
    1310.000    -568.5393111    716.3657543    278.7224345    369.8998270
    1320.000    -575.7135803    718.4854308    278.7497089    372.6871883
    1330.000    -582.9089671    720.5893130    278.7763754    375.4748192
    1340.000    -590.1253147    722.6776332    278.8024519    378.2627138
    1350.000    -597.3624687    724.7506185    278.8279556    381.0508663
    1360.000    -604.6202767    726.8084910    278.8529031    383.8392711
    1370.000    -611.8985888    728.8514682    278.8773105    386.6279226
    1380.000    -619.1972571    730.8797628    278.9011932    389.4168155
    1390.000    -626.5161358    732.8935832    278.9245661    392.2059448
    1400.000    -633.8550812    734.8931332    278.9474436    394.9953052
    1410.000    -641.2139516    736.8786125    278.9698395    397.7848920
    1420.000    -648.5926072    738.8502167    278.9917674    400.5747004
    1430.000    -655.9909103    740.8081372    279.0132400    403.3647258
    1440.000    -663.4087250    742.7525616    279.0342699    406.1549638
    1450.000    -670.8459172    744.6836738    279.0548692    408.9454098
    1460.000    -678.3023547    746.6016537    279.0750495    411.7360597
    1470.000    -685.7779071    748.5066779    279.0948220    414.5269094
    1480.000    -693.2724456    750.3989193    279.1141978    417.3179549
    1490.000    -700.7858434    752.2785473    279.1331872    420.1091921
    1500.000    -708.3179751    754.1457283    279.1518006    422.9006174
    1510.000    -715.8687170    756.0006251    279.1700477    425.6922269
    1520.000    -723.4379472    757.8433976    279.1879380    428.4840171
    1530.000    -731.0255451    759.6742024    279.2054809    431.2759845
    1540.000    -738.6313919    761.4931932    279.2226852    434.0681256
    1550.000    -746.2553701    763.3005208    279.2395595    436.8604371
    1560.000    -753.8973639    765.0963331    279.2561123    439.6529157
    1570.000    -761.5572588    766.8807753    279.2723517    442.4455583
    1580.000    -769.2349420    768.6539897    279.2882854    445.2383617
    1590.000    -776.9303017    770.4161162    279.3039212    448.0313230
    1600.000    -784.6432278    772.1672919    279.3192663    450.8244392
    1610.000    -792.3736115    773.9076515    279.3343280    453.6177074
    1620.000    -800.1213452    775.6373272    279.3491131    456.4111248
    1630.000    -807.8863228    777.3564488    279.3636284    459.2046888
    1640.000    -815.6684394    779.0651439    279.3778804    461.9983965
    1650.000    -823.4675914    780.7635375    279.3918754    464.7922455
    1660.000    -831.2836762    782.4517527    279.4056196    467.5862332
    1670.000    -839.1165929    784.1299102    279.4191189    470.3803571
    1680.000    -846.9662413    785.7981286    279.4323791    473.1746148
    1690.000    -854.8325227    787.4565246    279.4454057    475.9690039
    1700.000    -862.7153395    789.1052127    279.4582043    478.7635221
    1710.000    -870.6145950    790.7443054    279.4707801    481.5581672
    1720.000    -878.5301939    792.3739133    279.4831383    484.3529370
    1730.000    -886.4620420    793.9941453    279.4952838    487.1478293
    1740.000    -894.4100460    795.6051080    279.5072215    489.9428420
    1750.000    -902.3741136    797.2069067    279.5189561    492.7379730
    1760.000    -910.3541539    798.7996445    279.5304921    495.5332205
    1770.000    -918.3500766    800.3834231    279.5418341    498.3285822
    1780.000    -926.3617928    801.9583423    279.5529863    501.1240565
    1790.000    -934.3892143    803.5245004    279.5639530    503.9196414
    1800.000    -942.4322539    805.0819938    279.5747382    506.7153350
    1810.000    -950.4908256    806.6309177    279.5853459    509.5111355
    1820.000    -958.5648440    808.1713656    279.5957800    512.3070413
    1830.000    -966.6542250    809.7034292    279.6060443    515.1030506
    1840.000    -974.7588850    811.2271992    279.6161423    517.8991616
    1850.000    -982.8787416    812.7427646    279.6260778    520.6953729
    1860.000    -991.0137132    814.2502128    279.6358541    523.4916827
    1870.000    -999.1637191    815.7496302    279.6454746    526.2880894
    1880.000   -1007.3286793    817.2411016    279.6549426    529.0845916
    1890.000   -1015.5085149    818.7247104    279.6642613    531.8811878
    1900.000   -1023.7031476    820.2005389    279.6734339    534.6778764
    1910.000   -1031.9125000    821.6686681    279.6824633    537.4746560
    1920.000   -1040.1364956    823.1291775    279.6913526    540.2715252
    1930.000   -1048.3750584    824.5821456    279.7001046    543.0684826
    1940.000   -1056.6281136    826.0276497    279.7087221    545.8655268
    1950.000   -1064.8955868    827.4657658    279.7172078    548.6626566
    1960.000   -1073.1774045    828.8965689    279.7255645    551.4598705
    1970.000   -1081.4734941    830.3201327    279.7337948    554.2571674
    1980.000   -1089.7837833    831.7365300    279.7419011    557.0545460
    1990.000   -1098.1082010    833.1458322    279.7498859    559.8520051
    2000.000   -1106.4466765    834.5481099    279.7577517    562.6495433
