# T [K]   F [kJ/mol]   S [J/K/mol]  C_v [J/K/mol]  E [kJ/mol]
  0.0     4.6107903    0.0          0.0            4.6107903
  10.0    4.6106439    0.0652824    0.2389209      4.6112967
  20.0    4.6069579    0.9018738    3.1504491      4.6249953
  30.0    4.5876768    3.1699573    8.59923        4.6827755
  40.0    4.540183     6.4554742    14.5181668     4.798402
  50.0    4.4567011    10.3057597   20.1036378     4.9719891
  60.0    4.3332168    14.4148361   24.9879061     5.198107
  70.0    4.1682149    18.5833621   29.0681989     5.4690503
  80.0    3.9617617    22.6900374   32.3983878     5.7769646
  90.0    3.7148496    26.6671886   35.0922491     6.1148966
  100.0   3.4289636    30.4812836   37.270279      6.477092
  110.0   3.105812     34.1193329   39.0385782     6.8589387
  120.0   2.7471684    37.5801664   40.4836987     7.2567883
  130.0   2.3547821    40.8690949   41.6738466     7.6677644
  140.0   1.9303309    43.9947308   42.661986      8.0895932
  150.0   1.4753983    46.9671334   43.4890655     8.5204683
  160.0   0.9914642    49.7967496   44.1867847     8.9589441
  170.0   0.479905     52.4938265   44.779793      9.4038555
  180.0   -0.0580031   55.0681042   45.2873757     9.8542557
  190.0   -0.6210781   57.5286705   45.724728      10.3093693
  200.0   -1.2082255   59.8839105   46.1039118     10.7685566
  210.0   -1.8184309   62.1415091   46.4345744     11.231286
  220.0   -2.4507536   64.3084822   46.7244891     11.6971124
  230.0   -3.1043198   66.3912215   46.9799649     12.1656611
  240.0   -3.7783167   68.3955458   47.2061581     12.6366142
  250.0   -4.4719871   70.3267519   47.407311      13.1097009
  260.0   -5.1846242   72.1896652   47.5869365     13.5846888
  270.0   -5.9155675   73.9886856   47.7479609     14.0613777
  280.0   -6.6641984   75.7278305   47.8928362     14.5395942
  290.0   -7.4299368   77.4107732   48.0236278     15.0191875
  300.0   -8.2122377   79.040878    48.1420852     15.5000257
  310.0   -9.0105885   80.6212308   48.249697      15.9819931
  320.0   -9.824506    82.1546678   48.3477359     16.4649877
  330.0   -10.6535342  83.6437992   48.437295      16.9489195
  340.0   -11.4972423  85.0910318   48.5193171     17.4337085
  350.0   -12.3552226  86.4985888   48.5946184     17.9192835
  360.0   -13.2270887  87.8685266   48.6639085     18.4055808
  370.0   -14.1124741  89.2027508   48.7278062     18.8925437
  380.0   -15.0110306  90.50303     48.7868534     19.3801208
  390.0   -15.9224271  91.7710082   48.841526      19.8682662
  400.0   -16.8463482  93.0082159   48.8922432     20.3569381
  410.0   -17.7824936  94.2160796   48.9393755     20.8460991
  420.0   -18.7305764  95.3959315   48.9832512     21.3357148
  430.0   -19.690323   96.5490168   49.0241621     21.8257542
  440.0   -20.6614714  97.6765011   49.0623681     22.316189
  450.0   -21.6437713  98.7794771   49.0981016     22.8069934
  460.0   -22.6369827  99.8589701   49.1315703     23.2981435
  470.0   -23.6408757  100.9159436  49.162961      23.7896178
  480.0   -24.6552295  101.951304   49.1924414     24.2813964
  490.0   -25.6798325  102.9659048  49.220163      24.7734608
  500.0   -26.7144811  103.9605507  49.2462624     25.2657942
  510.0   -27.7589796  104.9360013  49.2708633     25.7583811
  520.0   -28.8131396  105.8929739  49.2940778     26.2512069
  530.0   -29.8767797  106.8321473  49.316008      26.7442583
  540.0   -30.9497253  107.7541637  49.3367464     27.2375231
  550.0   -32.0318078  108.6596317  49.3563777     27.7309896
  560.0   -33.1228647  109.5491284  49.3749791     28.2246472
  570.0   -34.222739   110.4232017  49.3926211     28.718486
  580.0   -35.3312791  111.2823719  49.4093685     29.2124966
  590.0   -36.4483384  112.1271338  49.4252805     29.7066705
  600.0   -37.5737753  112.9579582  49.4404117     30.2009996
  610.0   -38.7074526  113.7752934  49.4548122     30.6954763
  620.0   -39.8492376  114.5795665  49.4685282     31.1900936
  630.0   -40.9990018  115.371185   49.4816024     31.6848448
  640.0   -42.1566205  116.1505376  49.4940739     32.1797236
  650.0   -43.3219729  116.9179958  49.5059794     32.6747244
  660.0   -44.4949419  117.6739142  49.5173523     33.1698414
  670.0   -45.6754138  118.4186322  49.528224      33.6650697
  680.0   -46.8632783  119.1524745  49.5386234     34.1604044
  690.0   -48.0584281  119.8757519  49.5485775     34.6558407
  700.0   -49.2607591  120.5887623  49.5581112     35.1513745
  710.0   -50.4701701  121.2917911  49.5672478     35.6470016
  720.0   -51.6865626  121.9851122  49.5760091     36.1427182
  730.0   -52.9098408  122.6689883  49.5844154     36.6385206
  740.0   -54.1399117  123.3436718  49.5924854     37.1344054
  750.0   -55.3766844  124.0094049  49.6002369     37.6303693
  760.0   -56.6200707  124.6664209  49.6076864     38.1264091
  770.0   -57.8699846  125.3149436  49.6148493     38.622522
  780.0   -59.126342   125.9551888  49.6217402     39.1187052
  790.0   -60.3890614  126.5873638  49.6283726     39.614956
  800.0   -61.6580631  127.2116686  49.6347593     40.1112718
  810.0   -62.9332692  127.8282958  49.6409122     40.6076504
  820.0   -64.214604   128.4374309  49.6468427     41.1040893
  830.0   -65.5019935  129.039253   49.6525612     41.6005865
  840.0   -66.7953653  129.6339347  49.6580778     42.0971399
  850.0   -68.0946489  130.2216428  49.6634018     42.5937474
  860.0   -69.3997754  130.8025381  49.6685421     43.0904073
  870.0   -70.7106775  131.3767761  49.673507      43.5871177
  880.0   -72.0272892  131.944507   49.6783044     44.0838769
  890.0   -73.3495464  132.505876   49.6829418     44.5806833
  900.0   -74.677386   133.0610236  49.6874262     45.0775352
  910.0   -76.0107466  133.6100856  49.6917642     45.5744313
  920.0   -77.3495679  134.1531934  49.6959622     46.07137
  930.0   -78.693791   134.6904743  49.700026      46.5683501
  940.0   -80.0433584  135.2220516  49.7039614     47.0653701
  950.0   -81.3982135  135.7480446  49.7077736     47.5624289
  960.0   -82.758301   136.268569   49.7114678     48.0595252
  970.0   -84.123567   136.783737   49.7150488     48.5566579
  980.0   -85.4939583  137.2936573  49.7185212     49.0538258
  990.0   -86.869423   137.7984353  49.7218893     49.551028
  1000.0  -88.2499102  138.2981735  49.7251572     50.0482633
