# T [K]   F [kJ/mol]   S [J/K/mol]  C_v [J/K/mol]  E [kJ/mol]
  0.0     5.0420828    0.0          0.0            5.0420828
  10.0    5.0419714    0.0491609    0.1766645      5.042463
  20.0    5.0391766    0.696664     2.5339557      5.0531099
  30.0    5.0237117    2.5952327    7.3647031      5.1015687
  40.0    4.9840993    5.4482453    12.7357956     5.2020291
  50.0    4.9129153    8.8554841    17.9366512     5.3556895
  60.0    4.8060356    12.5517174   22.6558282     5.5591386
  70.0    4.6615152    16.3596778   26.7455184     5.8066927
  80.0    4.478863     20.162824    30.1896181     6.0918889
  90.0    4.2585188    23.8889821   33.0471766     6.4085271
  100.0   4.0014798    27.4968592   35.4047045     6.7511657
  110.0   3.7090472    30.9654581   37.3497795     7.1152476
  120.0   3.3826632    34.2865282   38.9600019     7.4970466
  130.0   3.0238107    37.4595204   40.3000287     7.8935484
  140.0   2.6339536    40.4883451   41.4221298     8.302322
  150.0   2.2145034    43.37934     42.3679631     8.7214044
  160.0   1.7668013    46.1400201   43.1705489     9.1492045
  170.0   1.2921109    48.7783222   43.8560515     9.5844257
  180.0   0.7916163    51.3021591   44.4452567     10.026005
  190.0   0.2664238    53.7191668   44.9547495     10.4730655
  200.0   -0.282435    56.0365696   45.3978348     10.9248789
  210.0   -0.8539982   58.2611189   45.7852483     11.3808368
  220.0   -1.4473688   60.3990743   46.1257066     11.8404275
  230.0   -2.0617103   62.4562113   46.4263301     12.3032183
  240.0   -2.6962414   64.4378432   46.6929714     12.768841
  250.0   -3.3502318   66.3488499   46.9304694     13.2369807
  260.0   -4.022998    68.1937102   47.1428483     13.7073667
  270.0   -4.7138993   69.9765349   47.3334731     14.1797652
  280.0   -5.4223345   71.7010986   47.5051731     14.6539731
  290.0   -6.1477386   73.3708696   47.6603386     15.1298136
  300.0   -6.8895799   74.9890383   47.8009996     15.6071316
  310.0   -7.6473572   76.5585426   47.9288878     16.085791
  320.0   -8.4205976   78.0820916   48.045487      16.5656717
  330.0   -9.2088542   79.5621866   48.1520741     17.0466674
  340.0   -10.0117042  81.0011404   48.2497523     17.5286835
  350.0   -10.828747   82.4010942   48.3394782     18.0116359
  360.0   -11.6596027  83.7640336   48.4220849     18.4954494
  370.0   -12.5039105  85.0918022   48.4982999     18.9800563
  380.0   -13.3613273  86.3861144   48.5687608     19.4653962
  390.0   -14.2315266  87.6485662   48.6340285     19.9514143
  400.0   -15.1141974  88.8806462   48.6945974     20.4380611
  410.0   -16.0090429  90.0837437   48.750905      20.925292
  420.0   -16.91578    91.2591578   48.8033394     21.4130663
  430.0   -17.8341378  92.4081044   48.8522457     21.901347
  440.0   -18.7638576  93.531723    48.8979316     22.3901005
  450.0   -19.7046914  94.6310829   48.9406723     22.8792959
  460.0   -20.6564018  95.7071885   48.9807143     23.3689049
  470.0   -21.6187609  96.7609846   49.0182788     23.8589019
  480.0   -22.5915501  97.7933604   49.0535652     24.3492629
  490.0   -23.5745595  98.8051544   49.0867533     24.8399662
  500.0   -24.5675872  99.7971575   49.1180053     25.3309915
  510.0   -25.5704391  100.7701166  49.1474684     25.8223203
  520.0   -26.5829284  101.7247381  49.1752759     26.3139354
  530.0   -27.604875   102.6616901  49.2015492     26.8058207
  540.0   -28.6361054  103.5816057  49.2263986     27.2979616
  550.0   -29.6764523  104.4850848  49.2499249     27.7903443
  560.0   -30.7257542  105.3726969  49.27222       28.282956
  570.0   -31.7838552  106.2449826  49.2933679     28.7757849
  580.0   -32.8506045  107.1024557  49.313446      29.2688198
  590.0   -33.9258566  107.9456051  49.3325248     29.7620505
  600.0   -35.0094704  108.774896   49.3506694     30.2554672
  610.0   -36.1013098  109.5907717  49.3679397     30.749061
  620.0   -37.2012426  110.3936545  49.3843907     31.2428233
  630.0   -38.3091409  111.1839478  49.4000733     31.7367462
  640.0   -39.4248808  111.9620362  49.4150346     32.2308223
  650.0   -40.5483422  112.7282874  49.4293179     32.7250446
  660.0   -41.6794083  113.4830528  49.4429636     33.2194066
  670.0   -42.8179661  114.2266686  49.4560089     33.7139019
  680.0   -43.9639056  114.9594565  49.4684884     34.2085249
  690.0   -45.1171201  115.6817247  49.4804344     34.7032699
  700.0   -46.277506   116.3937683  49.4918767     35.1981319
  710.0   -47.4449623  117.0958707  49.5028432     35.6931058
  720.0   -48.6193912  117.7883033  49.5133599     36.1881872
  730.0   -49.8006971  118.471327   49.523451      36.6833716
  740.0   -50.9887872  119.145192   49.533139      37.1786549
  750.0   -52.1835712  119.8101391  49.5424452     37.6740331
  760.0   -53.384961   120.4663995  49.5513894     38.1695026
  770.0   -54.5928709  121.1141957  49.5599899     38.6650598
  780.0   -55.8072174  121.753742   49.5682642     39.1607013
  790.0   -57.027919   122.3852443  49.5762285     39.656424
  800.0   -58.2548962  123.0089013  49.5838981     40.1522249
  810.0   -59.4880715  123.6249044  49.5912873     40.6481011
  820.0   -60.7273693  124.2334379  49.5984096     41.1440498
  830.0   -61.9727159  124.8346799  49.6052777     41.6400684
  840.0   -63.2240392  125.428802   49.6119035     42.1361545
  850.0   -64.4812688  126.01597    49.6182983     42.6323057
  860.0   -65.744336   126.5963438  49.6244727     43.1285197
  870.0   -67.0131735  127.1700782  49.6304367     43.6247945
  880.0   -68.2877159  127.7373224  49.6361996     44.1211278
  890.0   -69.5678988  128.2982209  49.6417705     44.6175178
  900.0   -70.8536596  128.8529136  49.6471577     45.1139626
  910.0   -72.1449369  129.4015354  49.6523693     45.6104604
  920.0   -73.4416705  129.9442173  49.6574128     46.1070094
  930.0   -74.7438018  130.481086   49.6622953     46.6036081
  940.0   -76.0512733  131.0122639  49.6670235     47.1002548
  950.0   -77.3640286  131.5378701  49.671604      47.5969481
  960.0   -78.6820125  132.0580197  49.6760428     48.0936864
  970.0   -80.0051711  132.5728243  49.6803457     48.5904685
  980.0   -81.3334515  133.0823923  49.6845181     49.0872929
  990.0   -82.6668019  133.5868286  49.6885653     49.5841584
  1000.0  -84.0051713  134.0862351  49.6924922     50.0810638
