# T [K]   F [kJ/mol]   S [J/K/mol]  C_v [J/K/mol]  E [kJ/mol]
  0.0     3.7251924    0.0          0.0            3.7251924
  10.0    3.724793     0.1851579    0.6899949      3.7266446
  20.0    3.7158602    1.9748734    5.7473443      3.7553577
  30.0    3.678958     5.6444057    12.935564      3.8482902
  40.0    3.599572     10.3444168   19.9450844     4.0133487
  50.0    3.4707218    15.4571543   25.895068      4.2435795
  60.0    3.2903022    20.6137166   30.6175772     4.5271251
  70.0    3.0589602    25.6198718   34.2679759     4.8523513
  80.0    2.7787072    30.3871363   37.0753644     5.2096781
  90.0    2.4521197    34.8846852   39.2460053     5.5917413
  100.0   2.081919     39.1109936   40.941318      5.9930184
  110.0   1.6707634    43.0783934   42.2812571     6.4093867
  120.0   1.221154     46.8049966   43.3534226     6.8377536
  130.0   0.7354001    50.3105934   44.2216645     7.2757773
  140.0   0.2156138    53.6146476   44.9327819     7.7216644
  150.0   -0.336282    56.735383    45.5213923     8.1740255
  160.0   -0.9185384   59.6894335   46.0133795     8.6317709
  170.0   -1.5295651   62.4917757   46.4283175     9.0940368
  180.0   -2.1679131   65.1557987   46.7811767     9.5601307
  190.0   -2.8322599   67.6934324   47.0835334     10.0294922
  200.0   -3.5213959   70.1152967   47.3444335     10.5016634
  210.0   -4.2342116   72.4308489   47.5710162     10.9762667
  220.0   -4.9696868   74.6485235   47.7689693     11.4529884
  230.0   -5.726881    76.7758564   47.942864      11.931566
  240.0   -6.5049253   78.8195968   48.0964049     12.4117779
  250.0   -7.3030146   80.7858037   48.2326175     12.8934364
  260.0   -8.1204012   82.6799309   48.3539909     13.3763808
  270.0   -8.9563894   84.5069      48.4625866     13.8604736
  280.0   -9.8103302   86.2711642   48.5601233     14.3455957
  290.0   -10.6816172  87.9767628   48.6480421     14.8316441
  300.0   -11.5696822  89.6273694   48.7275587     15.3185286
  310.0   -12.4739924  91.2263326   48.7997037     15.8061707
  320.0   -13.3940469  92.7767125   48.8653555     16.294501
  330.0   -14.3293741  94.2813114   48.9252662     16.7834587
  340.0   -15.2795292  95.7427017   48.9800826     17.2729894
  350.0   -16.244092   97.1632492   49.0303635     17.7630452
  360.0   -17.2226653  98.5451346   49.0765934     18.2535832
  370.0   -18.2148726  99.8903717   49.1191941     18.744565
  380.0   -19.2203568  101.2008237  49.1585342     19.2359562
  390.0   -20.2387789  102.4782173  49.1949368     19.7277259
  400.0   -21.2698163  103.724156   49.2286861     20.2198461
  410.0   -22.3131621  104.940131   49.2600329     20.7122916
  420.0   -23.3685237  106.1275313  49.2891992     21.2050395
  430.0   -24.4356218  107.287653   49.3163819     21.698069
  440.0   -25.5141899  108.4217067  49.3417563     22.1913611
  450.0   -26.6039728  109.5308254  49.3654789     22.6848986
  460.0   -27.7047268  110.6160705  49.3876896     23.1786656
  470.0   -28.816218   111.6784378  49.4085138     23.6726478
  480.0   -29.9382224  112.7188627  49.4280642     24.1668317
  490.0   -31.0705251  113.7382249  49.4464424     24.6612051
  500.0   -32.2129195  114.7373528  49.4637401     25.1557569
  510.0   -33.3652073  115.7170272  49.4800401     25.6504766
  520.0   -34.5271976  116.6779851  49.4954174     26.1453546
  530.0   -35.6987069  117.6209227  49.5099404     26.6403821
  540.0   -36.8795582  118.5464982  49.523671      27.1355508
  550.0   -38.0695811  119.4553348  49.5366657     27.6308531
  560.0   -39.2686111  120.3480231  49.548976      28.1262818
  570.0   -40.4764896  121.2251229  49.5606492     28.6218305
  580.0   -41.6930634  122.0871659  49.5717283     29.1174928
  590.0   -42.9181844  122.9346569  49.5822529     29.6132632
  600.0   -44.1517096  123.7680763  49.5922593     30.1091362
  610.0   -45.3935005  124.5878808  49.601781      30.6051068
  620.0   -46.6434233  125.3945058  49.6108487     31.1011703
  630.0   -47.9013481  126.1883658  49.6194908     31.5973223
  640.0   -49.1671494  126.9698565  49.6277334     32.0935588
  650.0   -50.4407053  127.7393554  49.6356008     32.5898757
  660.0   -51.7218977  128.4972232  49.6431154     33.0862696
  670.0   -53.0106121  129.2438046  49.6502979     33.5827369
  680.0   -54.3067373  129.9794291  49.6571676     34.0792745
  690.0   -55.6101652  130.7044124  49.6637424     34.5758793
  700.0   -56.9207911  131.4190564  49.6700388     35.0725484
  710.0   -58.2385129  132.1236508  49.6760724     35.5692792
  720.0   -59.5632315  132.818473   49.6818576     36.0660691
  730.0   -60.8948506  133.5037893  49.6874078     36.5629156
  740.0   -62.2332765  134.1798553  49.6927355     37.0598165
  750.0   -63.5784177  134.8469164  49.6978525     37.5567696
  760.0   -64.9301856  135.5052085  49.7027698     38.0537729
  770.0   -66.2884934  136.1549582  49.7074975     38.5508244
  780.0   -67.653257   136.7963836  49.7120452     39.0479222
  790.0   -69.024394   137.4296946  49.7164221     39.5450647
  800.0   -70.4018245  138.0550933  49.7206366     40.0422501
  810.0   -71.7854702  138.6727742  49.7246965     40.5394769
  820.0   -73.1752549  139.2829249  49.7286093     41.0367436
  830.0   -74.5711042  139.8857263  49.7323821     41.5340486
  840.0   -75.9729455  140.4813527  49.7360214     42.0313908
  850.0   -77.3807079  141.0699724  49.7395334     42.5287686
  860.0   -78.7943221  141.6517478  49.7429241     43.026181
  870.0   -80.2137205  142.226836   49.746199      43.5236267
  880.0   -81.6388371  142.7953883  49.7493631     44.0211046
  890.0   -83.069607   143.3575513  49.7524216     44.5186136
  900.0   -84.5059673  143.9134666  49.755379      45.0161527
  910.0   -85.947856   144.4632713  49.7582398     45.5137209
  920.0   -87.3952128  145.0070978  49.761008      46.0113172
  930.0   -88.8479784  145.5450744  49.7636877     46.5089408
  940.0   -90.3060952  146.0773254  49.7662826     47.0065907
  950.0   -91.7695063  146.603971   49.7687961     47.5042661
  960.0   -93.2381563  147.1251277  49.7712318     48.0019663
  970.0   -94.7119909  147.6409087  49.7735927     48.4996905
  980.0   -96.1909569  148.1514233  49.7758819     48.997438
  990.0   -97.6750022  148.6567779  49.7781023     49.4952079
  1000.0  -99.1640756  149.1570754  49.7802565     49.9929998
