# T [K]   F [kJ/mol]   S [J/K/mol]  C_v [J/K/mol]  E [kJ/mol]
  0.0     5.4667561    0.0          0.0            5.4667561                                    
  10.0    5.4666639    0.0410864    0.149995       5.4670747                                    
  20.0    5.4642675    0.602456     2.2222294      5.4763166                                    
  30.0    5.4507044    2.293999     6.6216879      5.5195243                                    
  40.0    5.4154448    4.8696615    11.5235015     5.6102312                                    
  50.0    5.3516189    7.9582108    16.2946029     5.7495295                                    
  60.0    5.2553531    11.3275412   20.7319317     5.9350056                                    
  70.0    5.1246355    14.8281563   24.7035273     6.1626065                                    
  80.0    4.9586965    18.3579131   28.1534857     6.4273296                                    
  90.0    4.7576108    21.8484545   31.0933329     6.7239717                                    
  100.0   4.5220042    25.2565626   33.5728624     7.0476605                                    
  110.0   4.2528398    28.5569737   35.6557637     7.3941069                                    
  120.0   3.951268     31.7366516   37.4055837     7.7596662                                    
  130.0   3.6185266    34.7905613   38.8793942     8.1412995                                    
  140.0   3.2558763    37.7187198   40.1258153     8.5364971                                    
  150.0   2.8645613    40.5242115   41.185129      8.943193                                     
  160.0   2.4457849    43.2118838   42.0902323     9.3596863                                    
  170.0   2.0006971    45.7875058   42.8678135     9.7845731                                    
  180.0   1.5303878    48.2572346   43.5394827     10.21669                                     
  190.0   1.0358847    50.6272831   44.1227544     10.6550685                                   
  200.0   0.5181541    52.9037202   44.631863      11.0988982                                   
  210.0   -0.0218971   55.092355    45.0784212     11.5474975                                   
  220.0   -0.5834186   57.1986756   45.4719458     12.00029                                     
  230.0   -1.1656134   59.2278229   45.8202738     12.4567859                                   
  240.0   -1.7677338   61.184585    46.1298913     12.9165666                                   
  250.0   -2.3890786   63.0734056   46.4061937     13.3792727                                   
  260.0   -3.0289892   64.898399    46.6536918     13.8445945                                   
  270.0   -3.6868466   66.6633698   46.8761752     14.3122633                                   
  280.0   -4.3620683   68.3718344   47.0768433     14.7820453                                   
  290.0   -5.0541058   70.0270424   47.2584094     15.2537365                                   
  300.0   -5.7624417   71.6319975   47.4231852     15.7271576                                   
  310.0   -6.4865875   73.1894786   47.5731487     16.2021509                                   
  320.0   -7.2260816   74.7020577   47.7099992     16.6785769                                   
  330.0   -7.980487    76.1721182   47.8352026     17.156312                                    
  340.0   -8.7493896   77.6018705   47.9500282     17.6352464                                   
  350.0   -9.5323969   78.9933673   48.0555791     18.1152817                                   
  360.0   -10.3291358  80.3485168   48.1528172     18.5963303                                   
  370.0   -11.139252   81.669095    48.2425843     19.0783132                                   
  380.0   -11.962408   82.9567566   48.3256194     19.5611595                                   
  390.0   -12.7982825  84.2130457   48.4025731     20.0448053                                   
  400.0   -13.6465692  85.4394044   48.47402       20.5291926                                   
  410.0   -14.5069754  86.6371815   48.540469      21.014269                                    
  420.0   -15.3792217  87.8076395   48.602372      21.4999869                                   
  430.0   -16.263041   88.9519621   48.6601314     21.9863027                                   
  440.0   -17.1581776  90.0712601   48.7141064     22.4731769                                   
  450.0   -18.0643863  91.1665768   48.7646182     22.9605733                                   
  460.0   -18.9814324  92.2388937   48.811955      23.4484587                                   
  470.0   -19.9090906  93.2891346   48.8563758     23.9368026                                   
  480.0   -20.8471445  94.3181702   48.8981139     24.4255772                                   
  490.0   -21.7953861  95.3268219   48.9373798     24.9147567                                   
  500.0   -22.7536155  96.3158655   48.974364      25.4043172                                   
  510.0   -23.7216405  97.2860341   49.0092389     25.8942369                                   
  520.0   -24.6992756  98.2380214   49.0421611     26.3844955                                   
  530.0   -25.6863425  99.1724842   49.073273      26.8750741                                   
  540.0   -26.682669   100.090045   49.1027044     27.3659554                                   
  550.0   -27.688089   100.9912946  49.1305735     27.857123                                    
  560.0   -28.7024424  101.8767935  49.1569887     28.348562                                    
  570.0   -29.7255742  102.7470744  49.1820488     28.8402583                                   
  580.0   -30.7573348  103.6026441  49.2058446     29.3321987                                   
  590.0   -31.7975796  104.4439845  49.2284595     29.8243712                                   
  600.0   -32.8461686  105.2715547  49.2499699     30.3167642                                   
  610.0   -33.9029663  106.0857925  49.2704464     30.8093672                                   
  620.0   -34.9678414  106.8871151  49.2899541     31.3021699                                   
  630.0   -36.0406669  107.6759207  49.3085528     31.7951632                                   
  640.0   -37.1213194  108.4525899  49.3262979     32.2883382                                   
  650.0   -38.2096794  109.217486   49.3432408     32.7816865                                   
  660.0   -39.305631   109.9709568  49.359429      33.2752005                                   
  670.0   -40.4090616  110.7133347  49.3749064     33.7688727                                   
  680.0   -41.5198618  111.4449384  49.389714      34.2626964                                   
  690.0   -42.6379254  112.1660729  49.4038898     34.7566649                                   
  700.0   -43.7631493  112.8770307  49.417469      35.2507722                                   
  710.0   -44.8954331  113.5780922  49.4304847     35.7450124                                   
  720.0   -46.0346791  114.2695266  49.4429675     36.2393801                                   
  730.0   -47.1807924  114.9515924  49.454946      36.7338701                                   
  740.0   -48.3336805  115.6245377  49.4664469     37.2284774                                   
  750.0   -49.4932535  116.2886013  49.4774953     37.7231975                                   
  760.0   -50.6594237  116.9440126  49.4881145     38.2180259                                   
  770.0   -51.8321057  117.5909923  49.4983265     38.7129584                                   
  780.0   -53.0112162  118.2297529  49.5081516     39.2079911                                   
  790.0   -54.196674   118.860499   49.5176093     39.7031202                                   
  800.0   -55.3884001  119.4834278  49.5267175     40.1983421                                   
  810.0   -56.5863171  120.0987292  49.5354933     40.6936535                                   
  820.0   -57.7903499  120.7065864  49.5439525     41.189051                                    
  830.0   -59.0004247  121.3071761  49.5521102     41.6845315                                   
  840.0   -60.2164697  121.900669   49.5599805     42.1800922                                   
  850.0   -61.4384149  122.4872296  49.5675768     42.6757302                                   
  860.0   -62.6661917  123.067017   49.5749115     43.1714429                                   
  870.0   -63.8997332  123.6401848  49.5819966     43.6672276                                   
  880.0   -65.1389739  124.2068817  49.5888432     44.163082                                    
  890.0   -66.3838497  124.7672511  49.5954619     44.6590037                                   
  900.0   -67.6342983  125.321432   49.6018627     45.1549905                                   
  910.0   -68.8902582  125.8695588  49.608055      45.6510403                                   
  920.0   -70.1516697  126.4117616  49.6140477     46.1471509                                   
  930.0   -71.4184741  126.9481663  49.6198494     46.6433206                                   
  940.0   -72.6906141  127.4788951  49.6254681     47.1395473                                   
  950.0   -73.9680335  128.0040662  49.6309113     47.6358294                                   
  960.0   -75.2506773  128.523794   49.6361863     48.132165                                    
  970.0   -76.5384916  129.0381898  49.6413        48.6285526                                   
  980.0   -77.8314237  129.5473614  49.6462588     49.1249905                                   
  990.0   -79.1294218  130.0514131  49.6510689     49.6214772                                   
  1000.0  -80.4324352  130.5504466  49.6557362     50.1180114                                   
