# T [K]   F [kJ/mol]   S [J/K/mol]  C_v [J/K/mol]  E [kJ/mol]
  0.0     4.1636553    0.0          0.0            4.1636553
  10.0    4.1634335    0.1016146    0.3841099      4.1644497
  20.0    4.1578892    1.3048005    4.2243328      4.1839852
  30.0    4.1316644    4.170646     10.4903823     4.2567837
  40.0    4.0710031    8.0859932    16.9865463     4.3944428
  50.0    3.9682304    12.521647    22.8397991     4.5943128
  60.0    3.8199999    17.1329703   27.7258844     4.8479782
  70.0    3.6256849    21.7132666   31.6510145     5.1456136
  80.0    3.3862174    26.1506305   34.7574798     5.4782678
  90.0    3.1033299    30.3917837   37.211368      5.8385905
  100.0   2.7791032    34.4170876   39.1592505     6.2208119
  110.0   2.4157132    38.2251705   40.7181665     6.620482
  120.0   2.0152977    41.8240203   41.9778013     7.0341801
  130.0   1.5798893    45.2259886   43.0058112     7.4592678
  140.0   1.1113876    48.4450545   43.8530723     7.8936952
  150.0   0.6115506    51.4953671   44.557967      8.3358557
  160.0   0.0819974    54.3905032   45.1496435     8.7844779
  170.0   -0.4757845   57.1431213   45.650421      9.2385461
  180.0   -1.0604288   59.7648335   46.0775448     9.6972412
  190.0   -1.6706801   62.2661935   46.4444628     10.1598966
  200.0   -2.3053834   64.6567436   46.7617581     10.6259653
  210.0   -2.9634744   66.9450905   47.0378336     11.0949946
  220.0   -3.6439705   69.1389893   47.2794176     11.5666072
  230.0   -4.3459627   71.2454301   47.4919419     12.0404862
  240.0   -5.0686087   73.2707191   47.6798251     12.5163639
  250.0   -5.8111257   75.2205534   47.846688      12.9940127
  260.0   -6.5727854   77.1000888   47.9955181     13.4732376
  270.0   -7.3529087   78.914       48.1287962     13.9538713
  280.0   -8.1508609   80.6665342   48.2485952     14.4357687
  290.0   -8.9660478   82.361558    48.3566569     14.9188041
  300.0   -9.7979122   84.0025992   48.4544533     15.4028676
  310.0   -10.6459306  85.5928829   48.5432343     15.8878631
  320.0   -11.5096105  87.1353635   48.6240669     16.3737058
  330.0   -12.3884876  88.6327533   48.6978658     16.860321
  340.0   -13.2821236  90.0875468   48.7654188     17.3476423
  350.0   -14.1901042  91.502043    48.8274069     17.8356108
  360.0   -15.1120372  92.8783642   48.8844215     18.3241739
  370.0   -16.0475508  94.2184736   48.9369779     18.8132844
  380.0   -16.9962921  95.5241899   48.9855267     19.3029001
  390.0   -17.9579256  96.7972013   49.0304631     19.7929829
  400.0   -18.9321323  98.039077    49.0721352     20.2834985
  410.0   -19.9186082  99.2512781   49.1108503     20.7744158
  420.0   -20.9170635  100.4351668  49.1468806     21.2657066
  430.0   -21.9272215  101.5920156  49.1804675     21.7573452
  440.0   -22.9488177  102.723014   49.2118264     22.2493085
  450.0   -23.9815993  103.8292761  49.2411492     22.741575
  460.0   -25.0253242  104.9118467  49.2686079     23.2341253
  470.0   -26.0797605  105.9717063  49.2943567     23.7269414
  480.0   -27.1446857  107.0097768  49.3185342     24.2200072
  490.0   -28.2198863  108.0269258  49.3412652     24.7133073
  500.0   -29.3051572  109.0239705  49.3626627     25.206828
  510.0   -30.4003013  110.0016819  49.3828285     25.7005565
  520.0   -31.5051289  110.9607878  49.4018552     26.1944808
  530.0   -32.6194573  111.9019762  49.4198267     26.68859
  540.0   -33.7431108  112.8258979  49.4368195     27.1828741
  550.0   -34.8759198  113.7331694  49.4529031     27.6773234
  560.0   -36.0177207  114.6243749  49.4681412     28.1719293
  570.0   -37.1683556  115.5000687  49.4825919     28.6666836
  580.0   -38.3276721  116.3607772  49.4963083     29.1615787
  590.0   -39.4955228  117.2070006  49.5093393     29.6566075
  600.0   -40.6717654  118.0392146  49.5217296     30.1517633
  610.0   -41.856262   118.8578722  49.5335206     30.6470401
  620.0   -43.0488791  119.6634048  49.5447502     31.1424319
  630.0   -44.2494877  120.4562238  49.5554534     31.6379333
  640.0   -45.4579625  121.2367216  49.5656626     32.1335393
  650.0   -46.6741823  122.0052728  49.5754076     32.629245
  660.0   -47.8980293  122.7622354  49.584716      33.125046
  670.0   -49.1293895  123.5079515  49.5936137     33.620938
  680.0   -50.368152   124.2427485  49.6021242     34.116917
  690.0   -51.6142091  124.9669397  49.6102698     34.6129793
  700.0   -52.8674564  125.6808252  49.618071      35.1091212
  710.0   -54.1277922  126.3846927  49.6255468     35.6053396
  720.0   -55.3951178  127.078818   49.6327152     36.1016311
  730.0   -56.669337   127.7634657  49.6395926     36.5979929
  740.0   -57.9503564  128.4388898  49.6461947     37.0944221
  750.0   -59.2380849  129.1053344  49.6525359     37.5909159
  760.0   -60.5324339  129.7630341  49.6586298     38.087472
  770.0   -61.8333172  130.4122142  49.664489      38.5840878
  780.0   -63.1406505  131.0530917  49.6701254     39.080761
  790.0   -64.454352   131.6858754  49.6755502     39.5774896
  800.0   -65.7743417  132.3107663  49.6807738     40.0742713
  810.0   -67.1005417  132.9279581  49.685806      40.5711044
  820.0   -68.4328758  133.5376374  49.6906561     41.0679869
  830.0   -69.77127    134.1399843  49.6953327     41.5649169
  840.0   -71.1156517  134.7351722  49.699844      42.061893
  850.0   -72.4659501  135.3233687  49.7041977     42.5589133
  860.0   -73.8220963  135.9047357  49.708401      43.0559764
  870.0   -75.1840226  136.4794292  49.7124609     43.5530808
  880.0   -76.5516631  137.0476003  49.7163836     44.0502252
  890.0   -77.9249533  137.6093949  49.7201753     44.5474081
  900.0   -79.3038302  138.1649539  49.7238419     45.0446283
  910.0   -80.6882321  138.7144139  49.7273887     45.5418845
  920.0   -82.0780986  139.2579068  49.7308209     46.0391757
  930.0   -83.4733708  139.7955606  49.7341433     46.5365006
  940.0   -84.8739908  140.3274989  49.7373606     47.0338582
  950.0   -86.2799021  140.8538416  49.7404773     47.5312474
  960.0   -87.6910493  141.3747049  49.7434973     48.0286674
  970.0   -89.1073783  141.8902014  49.7464247     48.5261171
  980.0   -90.5288358  142.4004402  49.7492633     49.0235956
  990.0   -91.9553699  142.9055273  49.7520166     49.5211021
  1000.0  -93.3869296  143.4055652  49.7546879     50.0186357
