   0.000000000000000  -1425526.684452027548105	   0.000000000000000  -1305071.366661442210898	   0.000000000000000   -592308.256355191580951	   0.000000000000000   -120454.636866605695104
  10.000000000000000  -1425526.684440807905048	  10.000000000000000  -1305071.366785110672936	  10.000000000000000   -592308.256423786398955	  10.000000000000000   -120454.636864489570144
  20.000000000000000  -1425526.685008029220626	  20.000000000000000  -1305071.368364143418148	  20.000000000000000   -592308.256968707777560	  20.000000000000000   -120454.636909465174540
  30.000000000000000  -1425526.687314071459696	  30.000000000000000  -1305071.372913091676310	  30.000000000000000   -592308.258550805272534	  30.000000000000000   -120454.637128761096392
  40.000000000000000  -1425526.692222743527964	  40.000000000000000  -1305071.380961885210127	  40.000000000000000   -592308.261457334156148	  40.000000000000000   -120454.637603658091393
  50.000000000000000  -1425526.700276979710907	  50.000000000000000  -1305071.392637663520873	  50.000000000000000   -592308.265800472465344	  50.000000000000000   -120454.638372506771702
  60.000000000000000  -1425526.711689485004172	  60.000000000000000  -1305071.407918994314969	  60.000000000000000   -592308.271617113030516	  60.000000000000000   -120454.639464661828242
  70.000000000000000  -1425526.726534326560795	  70.000000000000000  -1305071.426664843922481	  70.000000000000000   -592308.278865145519376	  70.000000000000000   -120454.640903146297205
  80.000000000000000  -1425526.744812637101859	  80.000000000000000  -1305071.448753395117819	  80.000000000000000   -592308.287505369749852	  80.000000000000000   -120454.642706587663270
  90.000000000000000  -1425526.766590035986155	  90.000000000000000  -1305071.474008672405034	  90.000000000000000   -592308.297473560203798	  90.000000000000000   -120454.644891139105312
 100.000000000000000  -1425526.791686967480928	 100.000000000000000  -1305071.502323010936379	 100.000000000000000   -592308.308711355435662	 100.000000000000000   -120454.647467167989817
 110.000000000000000  -1425526.820138920564204	 110.000000000000000  -1305071.533527038060129	 110.000000000000000   -592308.321165940957144	 110.000000000000000   -120454.650434750947170
 120.000000000000000  -1425526.851680771913379	 120.000000000000000  -1305071.567444371990860	 120.000000000000000   -592308.334771999856457	 120.000000000000000   -120454.653796368045732
 130.000000000000000  -1425526.886274417163804	 130.000000000000000  -1305071.604052236070856	 130.000000000000000   -592308.349493279121816	 130.000000000000000   -120454.657546337766689
 140.000000000000000  -1425526.923827281687409	 140.000000000000000  -1305071.643106884555891	 140.000000000000000   -592308.365254077594727	 140.000000000000000   -120454.661678422417026
 150.000000000000000  -1425526.964200845453888	 150.000000000000000  -1305071.684668734436855	 150.000000000000000   -592308.382016329211183	 150.000000000000000   -120454.666190972551703
 160.000000000000000  -1425527.007284449879080	 160.000000000000000  -1305071.728458435041830	 160.000000000000000   -592308.399749659118243	 160.000000000000000   -120454.671064721303992
 170.000000000000000  -1425527.052996493643150	 170.000000000000000  -1305071.774469748139381	 170.000000000000000   -592308.418391415150836	 170.000000000000000   -120454.676291581999976
 180.000000000000000  -1425527.101219762349501	 180.000000000000000  -1305071.822600739309564	 180.000000000000000   -592308.437921130447648	 180.000000000000000   -120454.681871213586419
 190.000000000000000  -1425527.151859931182116	 190.000000000000000  -1305071.872814166359603	 190.000000000000000   -592308.458276506164111	 190.000000000000000   -120454.687786324415356
 200.000000000000000  -1425527.204826918197796	 200.000000000000000  -1305071.924937768373638	 200.000000000000000   -592308.479468452278525	 200.000000000000000   -120454.694031941820867
 210.000000000000000  -1425527.260069668525830	 210.000000000000000  -1305071.978961511980742	 210.000000000000000   -592308.501428078161553	 210.000000000000000   -120454.700582378296531
 220.000000000000000  -1425527.317481168778613	 220.000000000000000  -1305072.034794257255271	 220.000000000000000   -592308.524138060747646	 220.000000000000000   -120454.707456370684667
 230.000000000000000  -1425527.376957618165761	 230.000000000000000  -1305072.092446492519230	 230.000000000000000   -592308.547568168141879	 230.000000000000000   -120454.714620450176881
 240.000000000000000  -1425527.438470541965216	 240.000000000000000  -1305072.151631984626874	 240.000000000000000   -592308.571705156471580	 240.000000000000000   -120454.722079818267957
 250.000000000000000  -1425527.501946815289557	 250.000000000000000  -1305072.212565714493394	 250.000000000000000   -592308.596522690029815	 250.000000000000000   -120454.729812186589697
 260.000000000000000  -1425527.567321743583307	 260.000000000000000  -1305072.275125756394118	 260.000000000000000   -592308.622007928555831	 260.000000000000000   -120454.737831329824985
 270.000000000000000  -1425527.634517088765278	 270.000000000000000  -1305072.339139551855624	 270.000000000000000   -592308.648075048229657	 270.000000000000000   -120454.746089129577740
 280.000000000000000  -1425527.703522174153477	 280.000000000000000  -1305072.404842644464225	 280.000000000000000   -592308.674797713989392	 280.000000000000000   -120454.754626456793630
 290.000000000000000  -1425527.774234378943220	 290.000000000000000  -1305072.471842444501817	 290.000000000000000   -592308.702092838590033	 290.000000000000000   -120454.763410273473710
 300.000000000000000  -1425527.846625053323805	 300.000000000000000  -1305072.540269772754982	 300.000000000000000   -592308.729948984691873	 300.000000000000000   -120454.772431961057009
 310.000000000000000  -1425527.920632607070729	 310.000000000000000  -1305072.609976619714871	 310.000000000000000   -592308.758388652233407	 310.000000000000000   -120454.781706005305750
 320.000000000000000  -1425527.996264065383002	 320.000000000000000  -1305072.681145742302760	 320.000000000000000   -592308.787332152947783	 320.000000000000000   -120454.791199383747880
 330.000000000000000  -1425528.073408324737102	 330.000000000000000  -1305072.753433685051277	 330.000000000000000   -592308.816824543057010	 330.000000000000000   -120454.800906172997202
 340.000000000000000  -1425528.152038823580369	 340.000000000000000  -1305072.826907459180802	 340.000000000000000   -592308.846837491146289	 340.000000000000000   -120454.810844872990856
 350.000000000000000  -1425528.232179029611871	 350.000000000000000  -1305072.902234009932727	 350.000000000000000   -592308.877340841921978	 350.000000000000000   -120454.821001829419401
 360.000000000000000  -1425528.313747750129551	 360.000000000000000  -1305072.978361410787329	 360.000000000000000   -592308.908331257989630	 360.000000000000000   -120454.831327969834092
 370.000000000000000  -1425528.396682502934709	 370.000000000000000  -1305073.055712969740853	 370.000000000000000   -592308.939820690196939	 370.000000000000000   -120454.841886331501883
 380.000000000000000  -1425528.480985440779477	 380.000000000000000  -1305073.133818619186059	 380.000000000000000   -592308.971705687930807	 380.000000000000000   -120454.852669246945879
 390.000000000000000  -1425528.566586164990440	 390.000000000000000  -1305073.213568183593452	 390.000000000000000   -592309.004073293763213	 390.000000000000000   -120454.863630755804479
 400.000000000000000  -1425528.653481690678746	 400.000000000000000  -1305073.293972203275189	 400.000000000000000   -592309.036944140447304	 400.000000000000000   -120454.874746921748738
 410.000000000000000  -1425528.741707198088989	 410.000000000000000  -1305073.375521963462234	 410.000000000000000   -592309.070118752541021	 410.000000000000000   -120454.886109121536720
 420.000000000000000  -1425528.831101868534461	 420.000000000000000  -1305073.458278251346201	 420.000000000000000   -592309.103764260304160	 420.000000000000000   -120454.897606931262999
 430.000000000000000  -1425528.921730966074392	 430.000000000000000  -1305073.541996775660664	 430.000000000000000   -592309.137866873061284	 430.000000000000000   -120454.909303390493733
 440.000000000000000  -1425529.013570093549788	 440.000000000000000  -1305073.626653689891100	 440.000000000000000   -592309.172376669128425	 440.000000000000000   -120454.921142448525643
 450.000000000000000  -1425529.106529402546585	 450.000000000000000  -1305073.712273956742138	 450.000000000000000   -592309.207199942786247	 450.000000000000000   -120454.933196028869133
 460.000000000000000  -1425529.200712900375947	 460.000000000000000  -1305073.799061967059970	 460.000000000000000   -592309.242448753910139	 460.000000000000000   -120454.945383275538916
 470.000000000000000  -1425529.295884955208749	 470.000000000000000  -1305073.887086283415556	 470.000000000000000   -592309.278097553295083	 470.000000000000000   -120454.957760467194021
 480.000000000000000  -1425529.392247171374038	 480.000000000000000  -1305073.975095347966999	 480.000000000000000   -592309.314091870677657	 480.000000000000000   -120454.970267482887721
 490.000000000000000  -1425529.489670434501022	 490.000000000000000  -1305074.064478212967515	 490.000000000000000   -592309.350410006241873	 490.000000000000000   -120454.982950797013473
 500.000000000000000  -1425529.588126852409914	 500.000000000000000  -1305074.154746332438663	 500.000000000000000   -592309.387137341662310	 500.000000000000000   -120454.995814842026448
 510.000000000000000  -1425529.687606035266072	 510.000000000000000  -1305074.245886608958244	 510.000000000000000   -592309.424155260552652	 510.000000000000000   -120455.008808743019472
 520.000000000000000  -1425529.788171923719347	 520.000000000000000  -1305074.338181632105261	 520.000000000000000   -592309.461634480510838	 520.000000000000000   -120455.021930305723799
 530.000000000000000  -1425529.889724793843925	 530.000000000000000  -1305074.431036411086097	 530.000000000000000   -592309.499364782706834	 530.000000000000000   -120455.035220461722929
 540.000000000000000  -1425529.992195494705811	 540.000000000000000  -1305074.524440417299047	 540.000000000000000   -592309.537434120196849	 540.000000000000000   -120455.048623255846906
 550.000000000000000  -1425530.095642857486382	 550.000000000000000  -1305074.619068425148726	 550.000000000000000   -592309.575834315270185	 550.000000000000000   -120455.062217629209044
 560.000000000000000  -1425530.200036654714495	 560.000000000000000  -1305074.714409538544714	 560.000000000000000   -592309.614463649224490	 560.000000000000000   -120455.075917373018456
 570.000000000000000  -1425530.305396353127435	 570.000000000000000  -1305074.810255197342485	 570.000000000000000   -592309.653584301122464	 570.000000000000000   -120455.089767348108580
 580.000000000000000  -1425530.411634112708271	 580.000000000000000  -1305074.907318293116987	 580.000000000000000   -592309.692842472926714	 580.000000000000000   -120455.103748584922869
 590.000000000000000  -1425530.518779308069497	 590.000000000000000  -1305075.004848014097661	 590.000000000000000   -592309.732502014259808	 590.000000000000000   -120455.117840700433590
 600.000000000000000  -1425530.626984295668080	 600.000000000000000  -1305075.103117644554004	 600.000000000000000   -592309.772434585960582	 600.000000000000000   -120455.132088402722729
 610.000000000000000  -1425530.735878610983491	 610.000000000000000  -1305075.202126027084887	 610.000000000000000   -592309.812562999781221	 610.000000000000000   -120455.146466974270879
 620.000000000000000  -1425530.845703701023012	 620.000000000000000  -1305075.302319434471428	 620.000000000000000   -592309.853166204993613	 620.000000000000000   -120455.160947562893853
 630.000000000000000  -1425530.956286064116284	 630.000000000000000  -1305075.402639159467071	 630.000000000000000   -592309.893869062652811	 630.000000000000000   -120455.175560769086587
 640.000000000000000  -1425531.067775802686810	 640.000000000000000  -1305075.503814925439656	 640.000000000000000   -592309.934974427451380	 640.000000000000000   -120455.190331621386576
 650.000000000000000  -1425531.180092562455684	 650.000000000000000  -1305075.605864683864638	 650.000000000000000   -592309.976312867016532	 650.000000000000000   -120455.205199227115372
 660.000000000000000  -1425531.293199539650232	 660.000000000000000  -1305075.708601345773786	 660.000000000000000   -592310.017993169836700	 660.000000000000000   -120455.220149371103616
 670.000000000000000  -1425531.407157243229449	 670.000000000000000  -1305075.811699007637799	 670.000000000000000   -592310.059889033902436	 670.000000000000000   -120455.235249130273587
 680.000000000000000  -1425531.521873489953578	 680.000000000000000  -1305075.915718542877585	 680.000000000000000   -592310.102037328644656	 680.000000000000000   -120455.250430653104559
 690.000000000000000  -1425531.637389776762575	 690.000000000000000  -1305076.020291389198974	 690.000000000000000   -592310.144458741648123	 690.000000000000000   -120455.265789378405316
 700.000000000000000  -1425531.753695136634633	 700.000000000000000  -1305076.125456991372630	 700.000000000000000   -592310.187059907824732	 700.000000000000000   -120455.281246214683051
 710.000000000000000  -1425531.870701101375744	 710.000000000000000  -1305076.231376535957679	 710.000000000000000   -592310.229772884165868	 710.000000000000000   -120455.296763394726440
 720.000000000000000  -1425531.988498841179535	 720.000000000000000  -1305076.338015328161418	 720.000000000000000   -592310.273030312149785	 720.000000000000000   -120455.312446443451336
 730.000000000000000  -1425532.107176243094727	 730.000000000000000  -1305076.445040758233517	 730.000000000000000   -592310.316437852219678	 730.000000000000000   -120455.328179024902056
 740.000000000000000  -1425532.226349925622344	 740.000000000000000  -1305076.552941259462386	 740.000000000000000   -592310.360182246658951	 740.000000000000000   -120455.344084002426825
 750.000000000000000  -1425532.346457241103053	 750.000000000000000  -1305076.661193388979882	 750.000000000000000   -592310.403981779236346	 750.000000000000000   -120455.360028324896120
 760.000000000000000  -1425532.467171958880499	 760.000000000000000  -1305076.770106351934373	 760.000000000000000   -592310.448196320096031	 760.000000000000000   -120455.376095238359994
 770.000000000000000  -1425532.588637856068090	 770.000000000000000  -1305076.879777133697644	 770.000000000000000   -592310.492371966131032	 770.000000000000000   -120455.392326744826278
 780.000000000000000  -1425532.710734999040142	 780.000000000000000  -1305076.989898727741092	 780.000000000000000   -592310.537021298194304	 780.000000000000000   -120455.408571398875210
 790.000000000000000  -1425532.833447739481926	 790.000000000000000  -1305077.100455935578793	 790.000000000000000   -592310.581789413350634	 790.000000000000000   -120455.424968522420386
 800.000000000000000  -1425532.957061006454751	 800.000000000000000  -1305077.211796641582623	 800.000000000000000   -592310.626846236293204	 800.000000000000000   -120455.441495424325694
 810.000000000000000  -1425533.081106097204611	 810.000000000000000  -1305077.323977043852210	 810.000000000000000   -592310.672136057866737	 810.000000000000000   -120455.458017696757452
 820.000000000000000  -1425533.205958865350112	 820.000000000000000  -1305077.435914845904335	 820.000000000000000   -592310.717474110191688	 820.000000000000000   -120455.474705597604043
 830.000000000000000  -1425533.331540355924517	 830.000000000000000  -1305077.549855270655826	 830.000000000000000   -592310.763326656655408	 830.000000000000000   -120455.491525159392040
 840.000000000000000  -1425533.457700578728691	 840.000000000000000  -1305077.663065254921094	 840.000000000000000   -592310.809235543478280	 840.000000000000000   -120455.508355526966625
 850.000000000000000  -1425533.584338354645297	 850.000000000000000  -1305077.776583617553115	 850.000000000000000   -592310.855258521391079	 850.000000000000000   -120455.525328674586490
 860.000000000000000  -1425533.711995542747900	 860.000000000000000  -1305077.890917642740533	 860.000000000000000   -592310.901598270284012	 860.000000000000000   -120455.542374317563372
 870.000000000000000  -1425533.840033554239199	 870.000000000000000  -1305078.007361779920757	 870.000000000000000   -592310.948195092962123	 870.000000000000000   -120455.559527220641030
 880.000000000000000  -1425533.968654988566414	 880.000000000000000  -1305078.122640254441649	 880.000000000000000   -592310.994788286741823	 880.000000000000000   -120455.576720568162273
 890.000000000000000  -1425534.097991423215717	 890.000000000000000  -1305078.238817234523594	 890.000000000000000   -592311.041801181971096	 890.000000000000000   -120455.594074681066559
 900.000000000000000  -1425534.228279212489724	 900.000000000000000  -1305078.355003820499405	 900.000000000000000   -592311.088932791259140	 900.000000000000000   -120455.611447476985632
 910.000000000000000  -1425534.358620416140184	 910.000000000000000  -1305078.471922724042088	 910.000000000000000   -592311.136239655548707	 910.000000000000000   -120455.629008288524346
 920.000000000000000  -1425534.489928520983085	 920.000000000000000  -1305078.590974127175286	 920.000000000000000   -592311.183744296547957	 920.000000000000000   -120455.646569770062342
 930.000000000000000  -1425534.621660961303860	 930.000000000000000  -1305078.709193147718906	 930.000000000000000   -592311.231551507604308	 930.000000000000000   -120455.664189211151097
 940.000000000000000  -1425534.754153712419793	 940.000000000000000  -1305078.825639907503501	 940.000000000000000   -592311.279368811519817	 940.000000000000000   -120455.681965754134580
 950.000000000000000  -1425534.886935322079808	 950.000000000000000  -1305078.945251391269267	 950.000000000000000   -592311.327586923958734	 950.000000000000000   -120455.699864464797429
 960.000000000000000  -1425535.020559598924592	 960.000000000000000  -1305079.066096345894039	 960.000000000000000   -592311.375698786228895	 960.000000000000000   -120455.717661316550220
 970.000000000000000  -1425535.154548246646300	 970.000000000000000  -1305079.187337987124920	 970.000000000000000   -592311.424315999029204	 970.000000000000000   -120455.735713075962849
 980.000000000000000  -1425535.289378971792758	 980.000000000000000  -1305079.308155480306596	 980.000000000000000   -592311.472832792089321	 980.000000000000000   -120455.753855823582853
 990.000000000000000  -1425535.424811851233244	 990.000000000000000  -1305079.426824635826051	 990.000000000000000   -592311.521654257667251	 990.000000000000000   -120455.771965285050101
1000.000000000000000  -1425535.560564640443772	1000.000000000000000  -1305079.548553313594311	1000.000000000000000   -592311.570802712580189	1000.000000000000000   -120455.790315231206478
1010.000000000000000  -1425535.696938738459721	1010.000000000000000  -1305079.670555800432339	1010.000000000000000   -592311.619925258448347	1010.000000000000000   -120455.808538703189697
1020.000000000000000  -1425535.833854109514505	1020.000000000000000  -1305079.793758701067418	1020.000000000000000   -592311.669195419759490	1020.000000000000000   -120455.826815473308670
1030.000000000000000  -1425535.971209275070578	1030.000000000000000  -1305079.915145981591195	1030.000000000000000   -592311.718835285981186	1030.000000000000000   -120455.845450954569969
1040.000000000000000  -1425536.109438000945374	1040.000000000000000  -1305080.038945464650169	1040.000000000000000   -592311.768331592902541	1040.000000000000000   -120455.863958898757119
1050.000000000000000  -1425536.247933013597503	1050.000000000000000  -1305080.163402528036386	1050.000000000000000   -592311.818235704442486	1050.000000000000000   -120455.882645907549886
1060.000000000000000  -1425536.387172961840406	1060.000000000000000  -1305080.287106300937012	1060.000000000000000   -592311.868334140512161	1060.000000000000000   -120455.901316654184484
1070.000000000000000  -1425536.526782308472320	1070.000000000000000  -1305080.411105524981394	1070.000000000000000   -592311.918707675184123	1070.000000000000000   -120455.920051095730742
1080.000000000000000  -1425536.666985717602074	1080.000000000000000  -1305080.538699310505763	1080.000000000000000   -592311.969056625966914	1080.000000000000000   -120455.938894571474520
1090.000000000000000  -1425536.807931761490181	1090.000000000000000  -1305080.663185509620234	1090.000000000000000   -592312.019528797478415	1090.000000000000000   -120455.957807051774580
1100.000000000000000  -1425536.949328827206045	1100.000000000000000  -1305080.788930581649765	1100.000000000000000   -592312.070063114631921	1100.000000000000000   -120455.976827991020400
1110.000000000000000  -1425537.090752589982003	1110.000000000000000  -1305080.912586420308799	1110.000000000000000   -592312.121081726509146	1110.000000000000000   -120455.995843538141344
1120.000000000000000  -1425537.233207279117778	1120.000000000000000  -1305081.038511518621817	1120.000000000000000   -592312.172048234730028	1120.000000000000000   -120456.014924046990927
1130.000000000000000  -1425537.376020534662530	1130.000000000000000  -1305081.172699663555250	1130.000000000000000   -592312.223446317017078	1130.000000000000000   -120456.034268681178219
1140.000000000000000  -1425537.519285209476948	1140.000000000000000  -1305081.294187918305397	1140.000000000000000   -592312.274494646582752	1140.000000000000000   -120456.053469742008019
1150.000000000000000  -1425537.663141571218148	1150.000000000000000  -1305081.421250036451966	1150.000000000000000   -592312.326178571558557	1150.000000000000000   -120456.072923457264551
1160.000000000000000  -1425537.807512657251209	1160.000000000000000  -1305081.551304993219674	1160.000000000000000   -592312.377846330753528	1160.000000000000000   -120456.092313472865499
1170.000000000000000  -1425537.952456326689571	1170.000000000000000  -1305081.681031735381112	1170.000000000000000   -592312.429492526105605	1170.000000000000000   -120456.111853947673808
1180.000000000000000  -1425538.097862740280107	1180.000000000000000  -1305081.812871840782464	1180.000000000000000   -592312.481530631892383	1180.000000000000000   -120456.131331073571346
1190.000000000000000  -1425538.243610062636435	1190.000000000000000  -1305081.939134011277929	1190.000000000000000   -592312.533490639645606	1190.000000000000000   -120456.150944216162316
1200.000000000000000  -1425538.390049909474328	1200.000000000000000  -1305082.068398552248254	1200.000000000000000   -592312.585885431617498	1200.000000000000000   -120456.170622977908351
1210.000000000000000  -1425538.536710974527523	1210.000000000000000  -1305082.201225453056395	1210.000000000000000   -592312.638265059795231	1210.000000000000000   -120456.190367825140129
1220.000000000000000  -1425538.684004463022575	1220.000000000000000  -1305082.328589634504169	1220.000000000000000   -592312.690865492215380	1220.000000000000000   -120456.210250400996301
1230.000000000000000  -1425538.831962611526251	1230.000000000000000  -1305082.460631727706641	1230.000000000000000   -592312.743517042836174	1230.000000000000000   -120456.230189610796515
1240.000000000000000  -1425538.980160880833864	1240.000000000000000  -1305082.594277319032699	1240.000000000000000   -592312.796242482028902	1240.000000000000000   -120456.250098947872175
1250.000000000000000  -1425539.129104012856260	1250.000000000000000  -1305082.723580940859392	1250.000000000000000   -592312.849344373331405	1250.000000000000000   -120456.270050498089404
1260.000000000000000  -1425539.278119729366153	1260.000000000000000  -1305082.852948693558574	1260.000000000000000   -592312.902407316025347	1260.000000000000000   -120456.290079983227770
1270.000000000000000  -1425539.427863662131131	1270.000000000000000  -1305082.988989745033905	1270.000000000000000   -592312.955764622893184	1270.000000000000000   -120456.310368611768354
1280.000000000000000  -1425539.578340420499444	1280.000000000000000  -1305083.119120004819706	1280.000000000000000   -592313.008998043951578	1280.000000000000000   -120456.330661245083320
1290.000000000000000  -1425539.728778490796685	1290.000000000000000  -1305083.253582255449146	1290.000000000000000   -592313.062708554556593	1290.000000000000000   -120456.350912727619288
1300.000000000000000  -1425539.880226268898696	1300.000000000000000  -1305083.385542909614742	1300.000000000000000   -592313.116402611602098	1300.000000000000000   -120456.371152888998040
1310.000000000000000  -1425540.031768868677318	1310.000000000000000  -1305083.520389630692080	1310.000000000000000   -592313.170264133950695	1310.000000000000000   -120456.391579909584834
1320.000000000000000  -1425540.183920721290633	1320.000000000000000  -1305083.656637955224141	1320.000000000000000   -592313.224101510248147	1320.000000000000000   -120456.411958605211112
1330.000000000000000  -1425540.336427667876706	1330.000000000000000  -1305083.790646162582561	1330.000000000000000   -592313.278176975087263	1330.000000000000000   -120456.432571207842557
1340.000000000000000  -1425540.489503541961312	1340.000000000000000  -1305083.930022875545546	1340.000000000000000   -592313.332446673768573	1340.000000000000000   -120456.453147045845981
1350.000000000000000  -1425540.642907697008923	1350.000000000000000  -1305084.065061274683103	1350.000000000000000   -592313.386771469260566	1350.000000000000000   -120456.473717658474925
1360.000000000000000  -1425540.796860530972481	1360.000000000000000  -1305084.195816111750901	1360.000000000000000   -592313.441274559707381	1360.000000000000000   -120456.494363645586418
1370.000000000000000  -1425540.951361662941054	1370.000000000000000  -1305084.319922573631629	1370.000000000000000   -592313.495744851650670	1370.000000000000000   -120456.515274303252227
1380.000000000000000  -1425541.106182259274647	1380.000000000000000  -1305084.468620912404731	1380.000000000000000   -592313.550656616920605	1380.000000000000000   -120456.536070216548978
1390.000000000000000  -1425541.261504813563079	1390.000000000000000  -1305084.615328729152679	1390.000000000000000   -592313.605511875124648	1390.000000000000000   -120456.556761881569400
1400.000000000000000  -1425541.417327509727329	1400.000000000000000  -1305084.741855869069695	1400.000000000000000   -592313.660687215393409	1400.000000000000000   -120456.577867612097180
1410.000000000000000  -1425541.573618260445073	1410.000000000000000  -1305084.880157669307664	1410.000000000000000   -592313.715517653967254	1410.000000000000000   -120456.598844755470054
1420.000000000000000  -1425541.730296611320227	1420.000000000000000  -1305085.014171127462760	1420.000000000000000   -592313.771095539559610	1420.000000000000000   -120456.619718141984777
1430.000000000000000  -1425541.887567223282531	1430.000000000000000  -1305085.154661678709090	1430.000000000000000   -592313.826508860103786	1430.000000000000000   -120456.641037559704273
1440.000000000000000  -1425542.045236078323796	1440.000000000000000  -1305085.281778567237779	1440.000000000000000   -592313.881926985806786	1440.000000000000000   -120456.662252857538988
1450.000000000000000  -1425542.203271046979353	1450.000000000000000  -1305085.430804668460041	1450.000000000000000   -592313.937532713287510	1450.000000000000000   -120456.683257343363948
1460.000000000000000  -1425542.361875982489437	1460.000000000000000  -1305085.565973393386230	1460.000000000000000   -592313.993263664189726	1460.000000000000000   -120456.704735861261724
1470.000000000000000  -1425542.520911328494549	1470.000000000000000  -1305085.665503422962502	1470.000000000000000   -592314.049243012326770	1470.000000000000000   -120456.725912560112192
1480.000000000000000  -1425542.680353760952130	1480.000000000000000  -1305085.850473713595420	1480.000000000000000   -592314.105213643400930	1480.000000000000000   -120456.747292657004436
1490.000000000000000  -1425542.840414396720007	1490.000000000000000  -1305085.963581190211698	1490.000000000000000   -592314.161274559213780	1490.000000000000000   -120456.768840521952370
1500.000000000000000  -1425543.000805937452242	1500.000000000000000  -1305086.093489943305030	1500.000000000000000   -592314.217486755223945	1500.000000000000000   -120456.790331366937608
1510.000000000000000  -1425543.161653793649748	1510.000000000000000  -1305086.218685458647087	1510.000000000000000   -592314.273950532544404	1510.000000000000000   -120456.811913678626297
1520.000000000000000  -1425543.322899011895061	1520.000000000000000  -1305086.353879118105397	1520.000000000000000   -592314.330297839944251	1520.000000000000000   -120456.833448800141923
1530.000000000000000  -1425543.484611758030951	1530.000000000000000  -1305086.493524107849225	1530.000000000000000   -592314.386918900185265	1530.000000000000000   -120456.855084853566950
1540.000000000000000  -1425543.647143294336274	1540.000000000000000  -1305086.634416503366083	1540.000000000000000   -592314.443612444796599	1540.000000000000000   -120456.876649543337408
1550.000000000000000  -1425543.809621926397085	1550.000000000000000  -1305086.782937340904027	1550.000000000000000   -592314.500456967856735	1550.000000000000000   -120456.898402057209751
1560.000000000000000  -1425543.972703578183427	1560.000000000000000  -1305086.912705859635025	1560.000000000000000   -592314.557398361037485	1560.000000000000000   -120456.920423854971887
1570.000000000000000  -1425544.136785281822085	1570.000000000000000  -1305087.060220361454412	1570.000000000000000   -592314.614413137431256	1570.000000000000000   -120456.942192789196270
1580.000000000000000  -1425544.300840072100982	1580.000000000000000  -1305087.192108519142494	1580.000000000000000   -592314.671524030622095	1580.000000000000000   -120456.964046251465334
1590.000000000000000  -1425544.465633871266618	1590.000000000000000  -1305087.408247901592404	1590.000000000000000   -592314.728871668572538	1590.000000000000000   -120456.986156810875400
1600.000000000000000  -1425544.630875478731468	1600.000000000000000  -1305087.477563926950097	1600.000000000000000   -592314.786332955700345	1600.000000000000000   -120457.008311377285281
1610.000000000000000  -1425544.795860887039453	1610.000000000000000  -1305087.671393814263865	1610.000000000000000   -592314.843775361194275	1610.000000000000000   -120457.030199293323676
1620.000000000000000  -1425544.962608083616942	1620.000000000000000  -1305087.837621052749455	1620.000000000000000   -592314.901400512084365	1620.000000000000000   -120457.052639750181697
1630.000000000000000  -1425545.127995642367750	1630.000000000000000  -1305087.942434842931107	1630.000000000000000   -592314.959025659831241	1630.000000000000000   -120457.074682275444502
1640.000000000000000  -1425545.295576077653095	1640.000000000000000  -1305088.050457876175642	1640.000000000000000   -592315.016945244162343	1640.000000000000000   -120457.096754270081874
1650.000000000000000  -1425545.462890458526090	1650.000000000000000  -1305088.191695698304102	1650.000000000000000   -592315.074911112780683	1650.000000000000000   -120457.119121018782607
1660.000000000000000  -1425545.631095888791606	1660.000000000000000  -1305088.414107546675950	1660.000000000000000   -592315.132903735386208	1660.000000000000000   -120457.141473043855513
1670.000000000000000  -1425545.799541786313057	1670.000000000000000  -1305088.519649812486023	1670.000000000000000   -592315.191056888783351	1670.000000000000000   -120457.164115073232097
1680.000000000000000  -1425545.969990314915776	1680.000000000000000  -1305088.679828383261338	1680.000000000000000   -592315.249345192220062	1680.000000000000000   -120457.186254946442205
1690.000000000000000  -1425546.138965814607218	1690.000000000000000  -1305088.842629938386381	1690.000000000000000   -592315.307669634930789	1690.000000000000000   -120457.208615304843988
1700.000000000000000  -1425546.309577034786344	1700.000000000000000  -1305088.966751350089908	1700.000000000000000   -592315.366220852709375	1700.000000000000000   -120457.231228404722060
1710.000000000000000  -1425546.476976003032178	1710.000000000000000  -1305089.048596327425912	1710.000000000000000   -592315.424793021171354	1710.000000000000000   -120457.253813376286416
1720.000000000000000  -1425546.648700602585450	1720.000000000000000  -1305089.280818830244243	1720.000000000000000   -592315.483498192508705	1720.000000000000000   -120457.276454594277311
1730.000000000000000  -1425546.821907835314050	1730.000000000000000  -1305089.432859372813255	1730.000000000000000   -592315.542240852606483	1730.000000000000000   -120457.299300162456348
1740.000000000000000  -1425546.992896976647899	1740.000000000000000  -1305089.501802746439353	1740.000000000000000   -592315.601124876644462	1740.000000000000000   -120457.322008151240880
1750.000000000000000  -1425547.166593538830057	1750.000000000000000  -1305089.700419651111588	1750.000000000000000   -592315.660112773999572	1750.000000000000000   -120457.344714457576629
1760.000000000000000  -1425547.339328966103494	1760.000000000000000  -1305089.839314795564860	1760.000000000000000   -592315.719247548491694	1760.000000000000000   -120457.367588690161938
1770.000000000000000  -1425547.510148367844522	1770.000000000000000  -1305090.025356949772686	1770.000000000000000   -592315.778412905405276	1770.000000000000000   -120457.390424154786160
1780.000000000000000  -1425547.682051342679188	1780.000000000000000  -1305090.162895342335105	1780.000000000000000   -592315.837715838570148	1780.000000000000000   -120457.413684876824846
1790.000000000000000  -1425547.856112628709525	1790.000000000000000  -1305090.218456506030634	1790.000000000000000   -592315.896960950805806	1790.000000000000000   -120457.436470550441300
1800.000000000000000  -1425548.032137923408300	1800.000000000000000  -1305090.411668352084234	1800.000000000000000   -592315.956566185224801	1800.000000000000000   -120457.459429542912403
1810.000000000000000  -1425548.203886060044169	1810.000000000000000  -1305090.616823645541444	1810.000000000000000   -592316.016237287432887	1810.000000000000000   -120457.482582188182278
1820.000000000000000  -1425548.378957156091928	1820.000000000000000  -1305090.653949104715139	1820.000000000000000   -592316.075867048813961	1820.000000000000000   -120457.505672456783941
1830.000000000000000  -1425548.559610149823129	1830.000000000000000  -1305090.912272211164236	1830.000000000000000   -592316.135606416617520	1830.000000000000000   -120457.528810299118049
1840.000000000000000  -1425548.736150654964149	1840.000000000000000  -1305091.010957991704345	1840.000000000000000   -592316.195499834138900	1840.000000000000000   -120457.552473332063528
1850.000000000000000  -1425548.918811375508085	1850.000000000000000  -1305091.219483526656404	1850.000000000000000   -592316.255455979262479	1850.000000000000000   -120457.575536660457146
1860.000000000000000  -1425549.093773212516680	1860.000000000000000  -1305091.240536378696561	1860.000000000000000   -592316.315564498538151	1860.000000000000000   -120457.598544576263521
1870.000000000000000  -1425549.261479358887300	1870.000000000000000  -1305091.392201381735504	1870.000000000000000   -592316.375888112932444	1870.000000000000000   -120457.622160388767952
1880.000000000000000  -1425549.446546146646142	1880.000000000000000  -1305091.617249040864408	1880.000000000000000   -592316.436131005291827	1880.000000000000000   -120457.646057868303615
1890.000000000000000  -1425549.630891275824979	1890.000000000000000  -1305091.837772802915424	1890.000000000000000   -592316.496406645863317	1890.000000000000000   -120457.668673978827428
1900.000000000000000  -1425549.804366953205317	1900.000000000000000  -1305091.857193717267364	1900.000000000000000   -592316.557085505686700	1900.000000000000000   -120457.693045542604523
1910.000000000000000  -1425549.985687404405326	1910.000000000000000  -1305092.126178231090307	1910.000000000000000   -592316.617417530505918	1910.000000000000000   -120457.716504167707171
1920.000000000000000  -1425550.154729171656072	1920.000000000000000  -1305092.231912509771064	1920.000000000000000   -592316.677958958083764	1920.000000000000000   -120457.740455906285206
1930.000000000000000  -1425550.338919484987855	1930.000000000000000  -1305092.286562447436154	1930.000000000000000   -592316.738732701400295	1930.000000000000000   -120457.764443887572270
1940.000000000000000  -1425550.527397223515436	1940.000000000000000  -1305092.506042940774933	1940.000000000000000   -592316.799601785023697	1940.000000000000000   -120457.788309348194161
1950.000000000000000  -1425550.697972313035280	1950.000000000000000  -1305092.581162828253582	1950.000000000000000   -592316.860495197121054	1950.000000000000000   -120457.812015637362492
1960.000000000000000  -1425550.882425826275721	1960.000000000000000  -1305092.874946316238493	1960.000000000000000   -592316.921638449770398	1960.000000000000000   -120457.836197234923020
1970.000000000000000  -1425551.053350382950157	1970.000000000000000  -1305092.994689582614228	1970.000000000000000   -592316.982799485558644	1970.000000000000000   -120457.860945893276948
1980.000000000000000  -1425551.205255895387381	1980.000000000000000  -1305093.038702368037775	1980.000000000000000   -592317.043847229913808	1980.000000000000000   -120457.884699509842903
1990.000000000000000  -1425551.403133823769167	1990.000000000000000  -1305093.192626946838573	1990.000000000000000   -592317.105157557874918	1990.000000000000000   -120457.908675774713629
