   0.000000000000000    0.000000000000000
  10.000000000000000    0.000004062208476
  20.000000000000000    0.000105378826002
  30.000000000000000    0.000296114405231
  40.000000000000000    0.000513697915754
  50.000000000000000    0.000728674997356
  60.000000000000000    0.000921896128711
  70.000000000000000    0.001085843226779
  80.000000000000000    0.001220907225754
  90.000000000000000    0.001330823564150
 100.000000000000000    0.001420107125611
 110.000000000000000    0.001492861010762
 120.000000000000000    0.001552559604532
 130.000000000000000    0.001601924285598
 140.000000000000000    0.001643077948902
 150.000000000000000    0.001677711826693
 160.000000000000000    0.001707111309839
 170.000000000000000    0.001732256381331
 180.000000000000000    0.001753968982368
 190.000000000000000    0.001772844614570
 200.000000000000000    0.001789381964901
 210.000000000000000    0.001803960401153
 220.000000000000000    0.001816931086193
 230.000000000000000    0.001828511127104
 240.000000000000000    0.001838915242115
 250.000000000000000    0.001848354147926
 260.000000000000000    0.001856908520257
 270.000000000000000    0.001864765691699
 280.000000000000000    0.001871973230704
 290.000000000000000    0.001878655589962
 300.000000000000000    0.001884833448386
 310.000000000000000    0.001890600606872
 320.000000000000000    0.001896005243818
 330.000000000000000    0.001901093868976
 340.000000000000000    0.001905890712205
 350.000000000000000    0.001910486001532
 360.000000000000000    0.001914782686382
 370.000000000000000    0.001918924340176
 380.000000000000000    0.001922885387868
 390.000000000000000    0.001926699471275
 400.000000000000000    0.001930378966020
 410.000000000000000    0.001933917479593
 420.000000000000000    0.001937378149565
 430.000000000000000    0.001940694159039
 440.000000000000000    0.001943969879788
 450.000000000000000    0.001947119340632
 460.000000000000000    0.001950232777105
 470.000000000000000    0.001953268427065
 480.000000000000000    0.001956258818154
 490.000000000000000    0.001959214774803
 500.000000000000000    0.001962098054093
 510.000000000000000    0.001964948701855
 520.000000000000000    0.001967834202825
 530.000000000000000    0.001970610003449
 540.000000000000000    0.001973412012110
 550.000000000000000    0.001976162204349
 560.000000000000000    0.001978906690979
 570.000000000000000    0.001981586017488
 580.000000000000000    0.001984307551165
 590.000000000000000    0.001987026472884
 600.000000000000000    0.001989722832499
 610.000000000000000    0.001992387251884
 620.000000000000000    0.001995087923109
 630.000000000000000    0.001997775922883
 640.000000000000000    0.002000452057784
 650.000000000000000    0.002003117629193
 660.000000000000000    0.002005883618142
 670.000000000000000    0.002008558464840
 680.000000000000000    0.002011269807803
 690.000000000000000    0.002013978853517
 700.000000000000000    0.002016725271226
 710.000000000000000    0.002019430307705
 720.000000000000000    0.002022202182329
 730.000000000000000    0.002024963870103
 740.000000000000000    0.002027754104039
 750.000000000000000    0.002030586208635
 760.000000000000000    0.002033378142124
 770.000000000000000    0.002036232082378
 780.000000000000000    0.002039103082587
 790.000000000000000    0.002041975709011
 800.000000000000000    0.002044872686202
 810.000000000000000    0.002047812064705
 820.000000000000000    0.002050797841282
 830.000000000000000    0.002053728778620
 840.000000000000000    0.002056721340991
 850.000000000000000    0.002059779434913
 860.000000000000000    0.002062833451855
 870.000000000000000    0.002065924494391
 880.000000000000000    0.002069064617741
 890.000000000000000    0.002072162578575
 900.000000000000000    0.002075382216767
 910.000000000000000    0.002078594344226
 920.000000000000000    0.002081848376558
 930.000000000000000    0.002085117407094
 940.000000000000000    0.002088444506106
 950.000000000000000    0.002091776028279
 960.000000000000000    0.002095176036735
 970.000000000000000    0.002098590256849
 980.000000000000000    0.002102021265030
 990.000000000000000    0.002105563533750
1000.000000000000000    0.002109178022879
1010.000000000000000    0.002112749485363
1020.000000000000000    0.002116366416267
1030.000000000000000    0.002120056691660
1040.000000000000000    0.002123778924738
1050.000000000000000    0.002127551650386
1060.000000000000000    0.002131401834464
1070.000000000000000    0.002135274915634
1080.000000000000000    0.002139199981254
1090.000000000000000    0.002143174165589
1100.000000000000000    0.002147195694120
1110.000000000000000    0.002151292709489
1120.000000000000000    0.002155458703071
1130.000000000000000    0.002159649522971
1140.000000000000000    0.002163934110777
1150.000000000000000    0.002168276855042
1160.000000000000000    0.002172643593565
1170.000000000000000    0.002177085093472
1180.000000000000000    0.002181587669484
1190.000000000000000    0.002186147600739
1200.000000000000000    0.002190835045743
1210.000000000000000    0.002195542853509
1220.000000000000000    0.002200338383940
1230.000000000000000    0.002205238926032
1240.000000000000000    0.002210116023626
1250.000000000000000    0.002215256129863
1260.000000000000000    0.002220338608707
1270.000000000000000    0.002225551405311
1280.000000000000000    0.002230701924502
1290.000000000000000    0.002236066790238
1300.000000000000000    0.002241689213518
1310.000000000000000    0.002247150358903
1320.000000000000000    0.002252744506514
1330.000000000000000    0.002258481008330
1340.000000000000000    0.002264300020891
1350.000000000000000    0.002270478626141
1360.000000000000000    0.002276383736318
1370.000000000000000    0.002282541607720
1380.000000000000000    0.002288719671863
1390.000000000000000    0.002295369766442
1400.000000000000000    0.002301811352406
1410.000000000000000    0.002308535993236
1420.000000000000000    0.002315122417482
1430.000000000000000    0.002321870459764
1440.000000000000000    0.002328941007163
1450.000000000000000    0.002336402354484
1460.000000000000000    0.002343498360618
1470.000000000000000    0.002351017295893
1480.000000000000000    0.002358804669354
1490.000000000000000    0.002366760078877
1500.000000000000000    0.002374272963523
1510.000000000000000    0.002382570509496
1520.000000000000000    0.002391118304947
1530.000000000000000    0.002399778496280
1540.000000000000000    0.002408092753616
1550.000000000000000    0.002416746663952
1560.000000000000000    0.002426177561844
1570.000000000000000    0.002435668683895
1580.000000000000000    0.002444973223434
1590.000000000000000    0.002454473590068
1600.000000000000000    0.002464419238538
1610.000000000000000    0.002474843301104
1620.000000000000000    0.002485717979350
1630.000000000000000    0.002496057815265
1640.000000000000000    0.002507188554321
1650.000000000000000    0.002518771847458
1660.000000000000000    0.002530349928664
1670.000000000000000    0.002541993425235
1680.000000000000000    0.002554156251667
1690.000000000000000    0.002566961416213
1700.000000000000000    0.002580699751635
1710.000000000000000    0.002593571627012
1720.000000000000000    0.002608130973028
1730.000000000000000    0.002622035270871
1740.000000000000000    0.002634901992857
1750.000000000000000    0.002652049444438
1760.000000000000000    0.002665766774528
1770.000000000000000    0.002684297340656
1780.000000000000000    0.002700847062272
1790.000000000000000    0.002717672336762
1800.000000000000000    0.002735817495360
1810.000000000000000    0.002750992138624
1820.000000000000000    0.002775540559219
1830.000000000000000    0.002794522696763
1840.000000000000000    0.002814572552645
1850.000000000000000    0.002836231572524
1860.000000000000000    0.002860012874950
1870.000000000000000    0.002879669105099
1880.000000000000000    0.002905108112828
1890.000000000000000    0.002930117416790
1900.000000000000000    0.002961890171817
1910.000000000000000    0.002991454620242
1920.000000000000000    0.003010041089218
1930.000000000000000    0.003043937152545
1940.000000000000000    0.003076003883806
1950.000000000000000    0.003112135188009
1960.000000000000000    0.003153545342598
1970.000000000000000    0.003187896361055
1980.000000000000000    0.003217499299405
1990.000000000000000    0.003270768675727
