# Volume points
  49.25608    0.88075   0.87104   0.83231   0.77109   0.69367   0.60378   0.50381   0.39539   0.27970   0.15763   0.02988  -0.10298  -0.24050  -0.38228  -0.52801  -0.67739  -0.83020  -0.98621  -1.14524  -1.30712
  50.06354    0.78035   0.77069   0.73163   0.66989   0.59184   0.50128   0.40058   0.29140   0.17493   0.05205  -0.07652  -0.21023  -0.34860  -0.49126  -0.63787  -0.78815  -0.94187  -1.09880  -1.25876  -1.42159
  50.87978    0.68882   0.67921   0.63986   0.57765   0.49907   0.40791   0.30660   0.19678   0.07964  -0.04391  -0.17318  -0.30759  -0.44668  -0.59006  -0.73741  -0.88844  -1.04291  -1.20060  -1.36133  -1.52492
  51.70484    0.60567   0.59612   0.55654   0.49395   0.41494   0.32333   0.22155   0.11125  -0.00638  -0.13043  -0.26019  -0.39511  -0.53471  -0.67861  -0.82647  -0.97802  -1.13302  -1.29123  -1.45249  -1.61661
  52.53877    0.53054   0.52100   0.48112   0.41811   0.33863   0.24654   0.14427   0.03347  -0.08465  -0.20920  -0.33947  -0.47489  -0.61500  -0.75940  -0.90777  -1.05983  -1.21532  -1.37405  -1.53581  -1.70044
  53.38163    0.46305   0.45345   0.41314   0.34958   0.26952   0.17682   0.07393  -0.03748  -0.15623  -0.28140  -0.41230  -0.54835  -0.68908  -0.83411  -0.98311  -1.13580  -1.29192  -1.45128  -1.61367  -1.77893
  54.23345    0.40287   0.39315   0.35234   0.28816   0.20742   0.11404   0.01047  -0.10165  -0.22110  -0.34697  -0.47857  -0.61532  -0.75676  -0.90250  -1.05221  -1.20560  -1.36243  -1.52250  -1.68560  -1.85157
  55.09428    0.34970   0.33986   0.29855   0.23374   0.15235   0.05829  -0.04597  -0.15877  -0.27891  -0.40548  -0.53778  -0.67523  -0.81736  -0.96380  -1.11420  -1.26829  -1.42583  -1.58659  -1.75039  -1.91706
  55.96417    0.30314   0.29313   0.25122   0.18570   0.10356   0.00874  -0.09630  -0.20988  -0.33080  -0.45815  -0.59123  -0.72946  -0.87238  -1.01960  -1.17079  -1.32567  -1.48399  -1.64554  -1.81013  -1.97758
  56.84317    0.26289   0.25268   0.21015   0.14388   0.06096  -0.03466  -0.14050  -0.25489  -0.37662  -0.50479  -0.63868  -0.77773  -0.92147  -1.06951  -1.22152  -1.37722  -1.53636  -1.69873  -1.86414  -2.03241
  57.73133    0.22860   0.21815   0.17490   0.10779   0.02398  -0.07253  -0.17927  -0.29457  -0.41721  -0.54629  -0.68110  -0.82106  -0.96572  -1.11467  -1.26760  -1.42421  -1.58427  -1.74755  -1.91388  -2.08307
  58.62870    0.20007   0.18937   0.14540   0.07746  -0.00721  -0.10461  -0.21224  -0.32843  -0.45198  -0.58195  -0.71766  -0.85853  -1.00408  -1.15394  -1.30777  -1.46529  -1.62625  -1.79044  -1.95766  -2.12776
  59.53531    0.17695   0.16598   0.12126   0.05245  -0.03312  -0.13143  -0.23999  -0.35711  -0.48158  -0.61249  -0.74913  -0.89093  -1.03742  -1.18822  -1.34298  -1.50144  -1.66333  -1.82846  -1.99663  -2.16766
  60.45122    0.15896   0.14768   0.10213   0.03238  -0.05417  -0.15348  -0.26304  -0.38116  -0.50664  -0.63856  -0.77621  -0.91902  -1.06653  -1.21833  -1.37411  -1.53358  -1.69649  -1.86263  -2.03181  -2.20386
  61.37648    0.14587   0.13426   0.08784   0.01710  -0.07048  -0.17082  -0.28142  -0.40059  -0.52712  -0.66009  -0.79879  -0.94265  -1.09121  -1.24407  -1.40090  -1.56142  -1.72539  -1.89258  -2.06282  -2.23592
  62.31113    0.13743   0.12543   0.07806   0.00625  -0.08242  -0.18386  -0.29558  -0.41587  -0.54351  -0.67761  -0.81743  -0.96242  -1.11210  -1.26609  -1.42404  -1.58569  -1.75078  -1.91911  -2.09047  -2.26470
  63.25522    0.13344   0.12106   0.07275  -0.00009  -0.08983  -0.19236  -0.30516  -0.42654  -0.55528  -0.69047  -0.83140  -0.97748  -1.12826  -1.28335  -1.44241  -1.60516  -1.77135  -1.94077  -2.11323  -2.28857
  64.20880    0.13368   0.12088   0.07161  -0.00231  -0.09315  -0.19680  -0.31072  -0.43323  -0.56310  -0.69943  -0.84148  -0.98870  -1.14061  -1.29683  -1.45702  -1.62090  -1.78823  -1.95879  -2.13238  -2.30885
  65.17192    0.13786   0.12461   0.07430  -0.00076  -0.09278  -0.19761  -0.31272  -0.43643  -0.56750  -0.70501  -0.84827  -0.99669  -1.14980  -1.30722  -1.46861  -1.63369  -1.80222  -1.97398  -2.14878  -2.32645
  66.14462    0.14587   0.13215   0.08080   0.00460  -0.08859  -0.19460  -0.31090  -0.43579  -0.56805  -0.70676  -0.85121  -1.00082  -1.15513  -1.31374  -1.47633  -1.64261  -1.81233  -1.98529  -2.16128  -2.34015
  67.12695    0.15743   0.14319   0.09070   0.01326  -0.08119  -0.18848  -0.30606  -0.43224  -0.56579  -0.70579  -0.85152  -1.00243  -1.15803  -1.31793  -1.48181  -1.64938  -1.82040  -1.99465  -2.17193  -2.35209
  68.11896    0.17238   0.15758   0.10390   0.02517  -0.07060  -0.17922  -0.29814  -0.42565  -0.56054  -0.70189  -0.84897  -1.00121  -1.15816  -1.31941  -1.48464  -1.65355  -1.82592  -2.00151  -2.18014  -2.36165
  69.12069    0.19055   0.17514   0.12018   0.04009  -0.05707  -0.16708  -0.28741  -0.41633  -0.55263  -0.69539  -0.84388  -0.99754  -1.15590  -1.31857  -1.48521  -1.65554  -1.82931  -2.00632  -2.18637  -2.36929
  70.13219    0.21179   0.19572   0.13944   0.05794  -0.04065  -0.15211  -0.27389  -0.40427  -0.54202  -0.68624  -0.83619  -0.99131  -1.15113  -1.31525  -1.48335  -1.65514  -1.83038  -2.00885  -2.19036  -2.37474
  71.15352    0.23595   0.21921   0.16164   0.07874  -0.02127  -0.13416  -0.25736  -0.38917  -0.52836  -0.67401  -0.82540  -0.98196  -1.14321  -1.30878  -1.47832  -1.65155  -1.82822  -2.00813  -2.19108  -2.37690
  72.18472    0.26284   0.24534   0.18634   0.10194   0.00040  -0.11403  -0.23878  -0.37215  -0.51289  -0.66009  -0.81303  -0.97114  -1.13395  -1.30106  -1.47216  -1.64694  -1.82517  -2.00664  -2.19114  -2.37852
  73.22583    0.29224   0.27383   0.21316   0.12701   0.02369  -0.09252  -0.21907  -0.35422  -0.49675  -0.64575  -0.80049  -0.96039  -1.12500  -1.29391  -1.46680  -1.64338  -1.82341  -2.00667  -2.19298  -2.38215
  74.27690    0.32409   0.30463   0.24215   0.15410   0.04887  -0.06927  -0.19775  -0.33483  -0.47931  -0.63024  -0.78691  -0.94876  -1.11530  -1.28615  -1.46098  -1.63951  -1.82147  -2.00668  -2.19492  -2.38603
  75.33798    0.35824   0.33761   0.27318   0.18309   0.07580  -0.04441  -0.17496  -0.31412  -0.46067  -0.61368  -0.77243  -0.93635  -1.10498  -1.27791  -1.45482  -1.63542  -1.81947  -2.00675  -2.19707  -2.39027
  76.40912    0.39466   0.37287   0.30652   0.21445   0.10515  -0.01707  -0.14964  -0.29082  -0.43938  -0.59441  -0.75519  -0.92113  -1.09178  -1.26673  -1.44567  -1.62829  -1.81436  -2.00367  -2.19601  -2.39123
  77.49037    0.43307   0.40982   0.34120   0.24678   0.13511   0.01052  -0.12443  -0.26799  -0.41894  -0.57635  -0.73951  -0.90784  -1.08087  -1.25821  -1.43953  -1.62454  -1.81300  -2.00469  -2.19942  -2.39702

# Fitted data
  49.25608    0.88116   0.87171   0.83320   0.77216   0.69487   0.60512   0.50520   0.39685   0.28124   0.15917   0.03143  -0.10139  -0.23891  -0.38063  -0.52638  -0.67581  -0.82868  -0.98464  -1.14375  -1.30559
  49.39725    0.86280   0.85333   0.81476   0.75362   0.67622   0.58636   0.48633   0.37786   0.26212   0.13994   0.01208  -0.12087  -0.25852  -0.40037  -0.54624  -0.69580  -0.84879  -1.00490  -1.16413  -1.32611
  49.53842    0.84477   0.83528   0.79663   0.73540   0.65790   0.56792   0.46778   0.35919   0.24333   0.12104  -0.00695  -0.14002  -0.27779  -0.41977  -0.56577  -0.71545  -0.86857  -1.02481  -1.18417  -1.34629
  49.67960    0.82705   0.81754   0.77883   0.71750   0.63989   0.54980   0.44955   0.34085   0.22487   0.10245  -0.02565  -0.15884  -0.29674  -0.43885  -0.58497  -0.73477  -0.88802  -1.04439  -1.20387  -1.36613
  49.82077    0.80964   0.80012   0.76134   0.69992   0.62221   0.53200   0.43164   0.32282   0.20673   0.08419  -0.04403  -0.17734  -0.31536  -0.45760  -0.60385  -0.75377  -0.90714  -1.06364  -1.22325  -1.38564
  49.96194    0.79254   0.78301   0.74416   0.68264   0.60483   0.51452   0.41405   0.30511   0.18890   0.06625  -0.06209  -0.19553  -0.33367  -0.47604  -0.62240  -0.77245  -0.92594  -1.08257  -1.24231  -1.40483
  50.10311    0.77575   0.76621   0.72729   0.66568   0.58776   0.49734   0.39676   0.28771   0.17137   0.04861  -0.07985  -0.21340  -0.35166  -0.49416  -0.64065  -0.79081  -0.94442  -1.10118  -1.26104  -1.42370
  50.24428    0.75926   0.74971   0.71072   0.64901   0.57099   0.48046   0.37977   0.27061   0.15416   0.03128  -0.09729  -0.23097  -0.36935  -0.51197  -0.65858  -0.80886  -0.96259  -1.11949  -1.27946  -1.44225
  50.38545    0.74307   0.73350   0.69444   0.63265   0.55453   0.46388   0.36308   0.25381   0.13724   0.01425  -0.11444  -0.24824  -0.38673  -0.52948  -0.67620  -0.82661  -0.98046  -1.13748  -1.29758  -1.46049
  50.52662    0.72717   0.71759   0.67846   0.61657   0.53835   0.44760   0.34669   0.23730   0.12062  -0.00248  -0.13129  -0.26520  -0.40381  -0.54668  -0.69353  -0.84405  -0.99802  -1.15517  -1.31539  -1.47843
  50.66780    0.71156   0.70197   0.66278   0.60079   0.52247   0.43161   0.33059   0.22109   0.10430  -0.01892  -0.14784  -0.28188  -0.42060  -0.56360  -0.71056  -0.86120  -1.01529  -1.17256  -1.33290  -1.49607
  50.80897    0.69624   0.68663   0.64737   0.58530   0.50687   0.41590   0.31478   0.20517   0.08826  -0.03507  -0.16411  -0.29826  -0.43710  -0.58022  -0.72730  -0.87806  -1.03226  -1.18966  -1.35012  -1.51341
  50.95014    0.68120   0.67158   0.63225   0.57008   0.49156   0.40048   0.29925   0.18953   0.07250  -0.05094  -0.18009  -0.31436  -0.45332  -0.59655  -0.74375  -0.89463  -1.04895  -1.20647  -1.36705  -1.53047
  51.09131    0.66644   0.65681   0.61741   0.55515   0.47652   0.38534   0.28400   0.17416   0.05703  -0.06653  -0.19579  -0.33017  -0.46925  -0.61261  -0.75992  -0.91091  -1.06535  -1.22300  -1.38369  -1.54724
  51.23248    0.65195   0.64231   0.60284   0.54049   0.46176   0.37047   0.26902   0.15908   0.04183  -0.08184  -0.21121  -0.34572  -0.48491  -0.62838  -0.77582  -0.92692  -1.08148  -1.23924  -1.40006  -1.56372
  51.37365    0.63773   0.62808   0.58854   0.52610   0.44727   0.35587   0.25432   0.14426   0.02690  -0.09688  -0.22637  -0.36098  -0.50029  -0.64388  -0.79143  -0.94265  -1.09733  -1.25521  -1.41615  -1.57994
  51.51482    0.62378   0.61412   0.57451   0.51198   0.43304   0.34154   0.23988   0.12972   0.01224  -0.11165  -0.24125  -0.37598  -0.51540  -0.65912  -0.80678  -0.95812  -1.11291  -1.27091  -1.43196  -1.59588
  51.65600    0.61009   0.60042   0.56075   0.49812   0.41908   0.32747   0.22571   0.11543  -0.00216  -0.12616  -0.25587  -0.39072  -0.53025  -0.67408  -0.82186  -0.97331  -1.12822  -1.28635  -1.44751  -1.61155
  51.79717    0.59667   0.58698   0.54724   0.48452   0.40538   0.31367   0.21180   0.10141  -0.01629  -0.14040  -0.27023  -0.40519  -0.54484  -0.68879  -0.83668  -0.98825  -1.14327  -1.30152  -1.46280  -1.62695
  51.93834    0.58350   0.57380   0.53399   0.47118   0.39194   0.30012   0.19814   0.08764  -0.03017  -0.15439  -0.28433  -0.41941  -0.55917  -0.70324  -0.85125  -1.00293  -1.15806  -1.31643  -1.47783  -1.64210
  52.07951    0.57058   0.56088   0.52100   0.45809   0.37875   0.28682   0.18474   0.07413  -0.04380  -0.16813  -0.29818  -0.43337  -0.57324  -0.71743  -0.86555  -1.01735  -1.17260  -1.33109  -1.49260  -1.65699
  52.22068    0.55792   0.54820   0.50825   0.44525   0.36581   0.27377   0.17158   0.06086  -0.05717  -0.18162  -0.31178  -0.44708  -0.58707  -0.73137  -0.87961  -1.03152  -1.18689  -1.34549  -1.50712  -1.67164
  52.36185    0.54550   0.53577   0.49575   0.43266   0.35312   0.26097   0.15867   0.04785  -0.07030  -0.19486  -0.32513  -0.46055  -0.60065  -0.74507  -0.89342  -1.04545  -1.20093  -1.35965  -1.52140  -1.68603
  52.50302    0.53332   0.52359   0.48349   0.42031   0.34066   0.24841   0.14601   0.03507  -0.08319  -0.20786  -0.33824  -0.47377  -0.61399  -0.75853  -0.90699  -1.05913  -1.21473  -1.37357  -1.53543  -1.70018
  52.64420    0.52139   0.51164   0.47148   0.40820   0.32845   0.23609   0.13358   0.02253  -0.09584  -0.22062  -0.35111  -0.48676  -0.62709  -0.77174  -0.92032  -1.07258  -1.22829  -1.38725  -1.54922  -1.71409
  52.78537    0.50970   0.49994   0.45970   0.39632   0.31648   0.22401   0.12139   0.01023  -0.10825  -0.23314  -0.36375  -0.49951  -0.63995  -0.78472  -0.93342  -1.08579  -1.24161  -1.40069  -1.56278  -1.72777
  52.92654    0.49824   0.48846   0.44816   0.38468   0.30473   0.21216   0.10943  -0.00183  -0.12043  -0.24543  -0.37615  -0.51203  -0.65258  -0.79747  -0.94628  -1.09877  -1.25470  -1.41390  -1.57611  -1.74121
  53.06771    0.48701   0.47722   0.43684   0.37328   0.29322   0.20054   0.09770  -0.01367  -0.13238  -0.25749  -0.38833  -0.52432  -0.66499  -0.80999  -0.95891  -1.11151  -1.26756  -1.42688  -1.58920  -1.75442
  53.20888    0.47601   0.46621   0.42576   0.36209   0.28194   0.18915   0.08620  -0.02529  -0.14411  -0.26933  -0.40028  -0.53638  -0.67716  -0.82228  -0.97132  -1.12404  -1.28020  -1.43963  -1.60207  -1.76741
  53.35005    0.46523   0.45542   0.41490   0.35114   0.27088   0.17798   0.07493  -0.03667  -0.15561  -0.28094  -0.41201  -0.54822  -0.68912  -0.83435  -0.98351  -1.13634  -1.29262  -1.45217  -1.61472  -1.78018
  53.49122    0.45468   0.44486   0.40426   0.34040   0.26004   0.16703   0.06387  -0.04784  -0.16689  -0.29234  -0.42351  -0.55985  -0.70086  -0.84621  -0.99548  -1.14842  -1.30482  -1.46448  -1.62716  -1.79273
  53.63240    0.44435   0.43451   0.39384   0.32988   0.24941   0.15630   0.05303  -0.05880  -0.17796  -0.30352  -0.43480  -0.57125  -0.71238  -0.85784  -1.00723  -1.16029  -1.31680  -1.47659  -1.63937  -1.80507
  53.77357    0.43423   0.42439   0.38363   0.31958   0.23901   0.14578   0.04240  -0.06953  -0.18881  -0.31448  -0.44588  -0.58245  -0.72369  -0.86927  -1.01877  -1.17195  -1.32858  -1.48848  -1.65138  -1.81719
  53.91474    0.42433   0.41447   0.37364   0.30949   0.22881   0.13548   0.03198  -0.08006  -0.19945  -0.32524  -0.45675  -0.59343  -0.73479  -0.88049  -1.03010  -1.18340  -1.34014  -1.50016  -1.66318  -1.82911
  54.05591    0.41464   0.40477   0.36386   0.29961   0.21883   0.12539   0.02178  -0.09038  -0.20988  -0.33578  -0.46741  -0.60421  -0.74568  -0.89150  -1.04123  -1.19464  -1.35150  -1.51163  -1.67477  -1.84082
  54.19708    0.40516   0.39528   0.35429   0.28994   0.20905   0.11550   0.01178  -0.10050  -0.22011  -0.34613  -0.47787  -0.61478  -0.75637  -0.90230  -1.05215  -1.20568  -1.36266  -1.52291  -1.68616  -1.85233
  54.33825    0.39589   0.38599   0.34492   0.28047   0.19947   0.10581   0.00198  -0.11041  -0.23014  -0.35627  -0.48813  -0.62516  -0.76686  -0.91291  -1.06288  -1.21652  -1.37361  -1.53399  -1.69736  -1.86364
  54.47942    0.38682   0.37690   0.33576   0.27121   0.19010   0.09633  -0.00762  -0.12012  -0.23996  -0.36621  -0.49819  -0.63533  -0.77715  -0.92332  -1.07340  -1.22717  -1.38438  -1.54487  -1.70835  -1.87476
  54.62060    0.37795   0.36802   0.32679   0.26214   0.18092   0.08704  -0.01702  -0.12963  -0.24960  -0.37596  -0.50805  -0.64531  -0.78725  -0.93353  -1.08373  -1.23762  -1.39494  -1.55555  -1.71916  -1.88568
  54.76177    0.36928   0.35933   0.31802   0.25327   0.17195   0.07795  -0.02622  -0.13895  -0.25903  -0.38551  -0.51772  -0.65510  -0.79715  -0.94355  -1.09388  -1.24788  -1.40532  -1.56605  -1.72978  -1.89642
  54.90294    0.36080   0.35084   0.30945   0.24460   0.16316   0.06905  -0.03524  -0.14808  -0.26828  -0.39487  -0.52720  -0.66470  -0.80687  -0.95339  -1.10383  -1.25795  -1.41551  -1.57636  -1.74020  -1.90696
  55.04411    0.35252   0.34254   0.30107   0.23611   0.15456   0.06034  -0.04406  -0.15702  -0.27733  -0.40405  -0.53649  -0.67411  -0.81640  -0.96304  -1.11360  -1.26784  -1.42552  -1.58649  -1.75045  -1.91733
  55.18528    0.34443   0.33443   0.29288   0.22782   0.14616   0.05182  -0.05270  -0.16578  -0.28620  -0.41304  -0.54560  -0.68333  -0.82574  -0.97250  -1.12318  -1.27754  -1.43534  -1.59643  -1.76051  -1.92751
  55.32645    0.33653   0.32652   0.28488   0.21971   0.13794   0.04348  -0.06115  -0.17434  -0.29489  -0.42184  -0.55452  -0.69238  -0.83491  -0.98179  -1.13258  -1.28707  -1.44499  -1.60619  -1.77040  -1.93752
  55.46762    0.32882   0.31878   0.27706   0.21178   0.12990   0.03533  -0.06942  -0.18273  -0.30340  -0.43047  -0.56327  -0.70124  -0.84389  -0.99089  -1.14181  -1.29641  -1.45446  -1.61578  -1.78011  -1.94735
  55.60880    0.32128   0.31123   0.26942   0.20404   0.12204   0.02736  -0.07751  -0.19094  -0.31173  -0.43892  -0.57184  -0.70993  -0.85270  -0.99982  -1.15086  -1.30559  -1.46375  -1.62520  -1.78965  -1.95701
  55.74997    0.31393   0.30386   0.26196   0.19647   0.11437   0.01956  -0.08542  -0.19897  -0.31988  -0.44719  -0.58023  -0.71845  -0.86134  -1.00858  -1.15974  -1.31459  -1.47287  -1.63445  -1.79902  -1.96650
  55.89114    0.30676   0.29667   0.25469   0.18909   0.10686   0.01195  -0.09316  -0.20683  -0.32786  -0.45529  -0.58845  -0.72679  -0.86980  -1.01717  -1.16845  -1.32342  -1.48183  -1.64352  -1.80822  -1.97582
  56.03231    0.29977   0.28966   0.24758   0.18188   0.09954   0.00450  -0.10073  -0.21452  -0.33567  -0.46322  -0.59650  -0.73497  -0.87810  -1.02558  -1.17699  -1.33209  -1.49062  -1.65243  -1.81725  -1.98498
  56.17348    0.29295   0.28282   0.24065   0.17484   0.09238  -0.00278  -0.10812  -0.22203  -0.34330  -0.47098  -0.60439  -0.74297  -0.88623  -1.03384  -1.18537  -1.34059  -1.49924  -1.66118  -1.82612  -1.99398
  56.31465    0.28631   0.27615   0.23389   0.16797   0.08539  -0.00988  -0.11535  -0.22938  -0.35078  -0.47857  -0.61211  -0.75082  -0.89420  -1.04193  -1.19359  -1.34893  -1.50771  -1.66977  -1.83484  -2.00281
  56.45582    0.27983   0.26965   0.22730   0.16127   0.07857  -0.01682  -0.12241  -0.23657  -0.35808  -0.48601  -0.61966  -0.75850  -0.90200  -1.04986  -1.20164  -1.35711  -1.51601  -1.67820  -1.84339  -2.01149
  56.59700    0.27353   0.26332   0.22088   0.15473   0.07192  -0.02360  -0.12931  -0.24359  -0.36523  -0.49328  -0.62706  -0.76602  -0.90965  -1.05763  -1.20954  -1.36513  -1.52416  -1.68647  -1.85179  -2.02001
  56.73817    0.26738   0.25716   0.21462   0.14836   0.06543  -0.03021  -0.13605  -0.25045  -0.37222  -0.50039  -0.63429  -0.77338  -0.91714  -1.06524  -1.21728  -1.37300  -1.53216  -1.69459  -1.86004  -2.02839
  56.87934    0.26141   0.25116   0.20853   0.14215   0.05910  -0.03666  -0.14262  -0.25715  -0.37904  -0.50734  -0.64138  -0.78059  -0.92447  -1.07270  -1.22486  -1.38071  -1.54000  -1.70256  -1.86813  -2.03661
  57.02051    0.25559   0.24532   0.20259   0.13610   0.05293  -0.04296  -0.14904  -0.26370  -0.38572  -0.51414  -0.64830  -0.78764  -0.93166  -1.08001  -1.23230  -1.38828  -1.54769  -1.71038  -1.87608  -2.04468
  57.16168    0.24994   0.23964   0.19682   0.13020   0.04691  -0.04910  -0.15531  -0.27009  -0.39224  -0.52079  -0.65508  -0.79455  -0.93869  -1.08717  -1.23959  -1.39570  -1.55524  -1.71806  -1.88388  -2.05261
  57.30285    0.24444   0.23412   0.19120   0.12447   0.04105  -0.05508  -0.16142  -0.27633  -0.39860  -0.52729  -0.66170  -0.80130  -0.94557  -1.09418  -1.24673  -1.40297  -1.56264  -1.72558  -1.89154  -2.06040
  57.44402    0.23911   0.22875   0.18573   0.11888   0.03534  -0.06092  -0.16738  -0.28242  -0.40482  -0.53363  -0.66818  -0.80791  -0.95231  -1.10105  -1.25373  -1.41009  -1.56989  -1.73297  -1.89906  -2.06805
  57.58520    0.23392   0.22354   0.18042   0.11345   0.02979  -0.06660  -0.17320  -0.28836  -0.41089  -0.53984  -0.67451  -0.81437  -0.95890  -1.10777  -1.26058  -1.41708  -1.57701  -1.74022  -1.90643  -2.07555
  57.72637    0.22889   0.21847   0.17525   0.10817   0.02438  -0.07214  -0.17886  -0.29416  -0.41682  -0.54589  -0.68070  -0.82069  -0.96535  -1.11435  -1.26729  -1.42393  -1.58399  -1.74732  -1.91367  -2.08292
  57.86754    0.22400   0.21356   0.17024   0.10303   0.01912  -0.07753  -0.18438  -0.29981  -0.42260  -0.55181  -0.68675  -0.82687  -0.97166  -1.12079  -1.27387  -1.43063  -1.59083  -1.75430  -1.92078  -2.09016
  58.00871    0.21927   0.20880   0.16537   0.09804   0.01400  -0.08277  -0.18976  -0.30532  -0.42824  -0.55758  -0.69265  -0.83291  -0.97783  -1.12710  -1.28031  -1.43721  -1.59753  -1.76113  -1.92775  -2.09726
  58.14988    0.21468   0.20418   0.16065   0.09320   0.00903  -0.08788  -0.19500  -0.31069  -0.43374  -0.56322  -0.69842  -0.83881  -0.98387  -1.13327  -1.28661  -1.44364  -1.60411  -1.76784  -1.93459  -2.10423
  58.29105    0.21024   0.19971   0.15607   0.08850   0.00420  -0.09284  -0.20009  -0.31592  -0.43911  -0.56872  -0.70406  -0.84458  -0.98977  -1.13930  -1.29278  -1.44995  -1.61055  -1.77442  -1.94130  -2.11108
  58.43222    0.20594   0.19537   0.15163   0.08393  -0.00050  -0.09766  -0.20505  -0.32101  -0.44434  -0.57408  -0.70955  -0.85021  -0.99554  -1.14521  -1.29882  -1.45613  -1.61686  -1.78086  -1.94788  -2.11780
  58.57340    0.20179   0.19118   0.14733   0.07951  -0.00505  -0.10235  -0.20988  -0.32597  -0.44943  -0.57931  -0.71492  -0.85572  -1.00118  -1.15098  -1.30473  -1.46218  -1.62305  -1.78718  -1.95434  -2.12439
  58.71457    0.19777   0.18713   0.14317   0.07522  -0.00947  -0.10691  -0.21457  -0.33080  -0.45439  -0.58441  -0.72016  -0.86109  -1.00669  -1.15663  -1.31052  -1.46810  -1.62911  -1.79338  -1.96068  -2.13086
  58.85574    0.19389   0.18322   0.13915   0.07107  -0.01376  -0.11133  -0.21912  -0.33549  -0.45922  -0.58938  -0.72527  -0.86634  -1.01208  -1.16215  -1.31618  -1.47390  -1.63505  -1.79946  -1.96689  -2.13721
  58.99691    0.19014   0.17944   0.13526   0.06705  -0.01791  -0.11562  -0.22355  -0.34006  -0.46393  -0.59422  -0.73025  -0.87146  -1.01734  -1.16755  -1.32171  -1.47958  -1.64086  -1.80541  -1.97298  -2.14344
  59.13808    0.18654   0.17579   0.13150   0.06316  -0.02193  -0.11977  -0.22785  -0.34449  -0.46850  -0.59894  -0.73510  -0.87645  -1.02247  -1.17282  -1.32713  -1.48513  -1.64656  -1.81124  -1.97896  -2.14955
  59.27925    0.18306   0.17228   0.12788   0.05941  -0.02583  -0.12381  -0.23202  -0.34880  -0.47295  -0.60353  -0.73984  -0.88133  -1.02749  -1.17798  -1.33242  -1.49057  -1.65214  -1.81696  -1.98482  -2.15555
  59.42042    0.17972   0.16890   0.12438   0.05578  -0.02959  -0.12771  -0.23606  -0.35299  -0.47728  -0.60800  -0.74445  -0.88608  -1.03238  -1.18301  -1.33760  -1.49589  -1.65760  -1.82257  -1.99056  -2.16144
  59.56160    0.17650   0.16564   0.12101   0.05228  -0.03323  -0.13149  -0.23999  -0.35705  -0.48148  -0.61235  -0.74894  -0.89071  -1.03716  -1.18793  -1.34266  -1.50109  -1.66295  -1.82805  -1.99619  -2.16721
  59.70277    0.17341   0.16251   0.11777   0.04890  -0.03675  -0.13515  -0.24379  -0.36100  -0.48557  -0.61658  -0.75331  -0.89523  -1.04182  -1.19273  -1.34761  -1.50618  -1.66818  -1.83343  -2.00171  -2.17287
  59.84394    0.17045   0.15951   0.11465   0.04565  -0.04014  -0.13868  -0.24746  -0.36482  -0.48954  -0.62069  -0.75757  -0.89963  -1.04636  -1.19742  -1.35244  -1.51116  -1.67330  -1.83870  -2.00712  -2.17843
  59.98511    0.16762   0.15664   0.11165   0.04252  -0.04341  -0.14210  -0.25102  -0.36852  -0.49338  -0.62468  -0.76171  -0.90391  -1.05079  -1.20199  -1.35716  -1.51603  -1.67832  -1.84386  -2.01243  -2.18387
  60.12628    0.16491   0.15388   0.10878   0.03950  -0.04657  -0.14539  -0.25447  -0.37211  -0.49712  -0.62856  -0.76573  -0.90809  -1.05511  -1.20646  -1.36177  -1.52079  -1.68322  -1.84891  -2.01763  -2.18922
  60.26745    0.16232   0.15125   0.10603   0.03661  -0.04960  -0.14857  -0.25779  -0.37558  -0.50074  -0.63233  -0.76965  -0.91215  -1.05932  -1.21081  -1.36628  -1.52544  -1.68802  -1.85385  -2.02272  -2.19446
  60.40862    0.15985   0.14874   0.10339   0.03384  -0.05252  -0.15164  -0.26100  -0.37894  -0.50424  -0.63598  -0.77345  -0.91610  -1.06343  -1.21506  -1.37067  -1.52999  -1.69272  -1.85869  -2.02771  -2.19959
  60.54980    0.15750   0.14634   0.10087   0.03118  -0.05532  -0.15459  -0.26410  -0.38219  -0.50764  -0.63953  -0.77715  -0.91995  -1.06742  -1.21920  -1.37497  -1.53443  -1.69731  -1.86343  -2.03260  -2.20463
  60.69097    0.15527   0.14406   0.09847   0.02864  -0.05801  -0.15743  -0.26709  -0.38533  -0.51093  -0.64297  -0.78073  -0.92368  -1.07131  -1.22324  -1.37915  -1.53877  -1.70180  -1.86807  -2.03739  -2.20957
  60.83214    0.15315   0.14190   0.09618   0.02621  -0.06059  -0.16015  -0.26997  -0.38836  -0.51411  -0.64630  -0.78422  -0.92732  -1.07509  -1.22717  -1.38324  -1.54300  -1.70619  -1.87261  -2.04208  -2.21441
  60.97331    0.15115   0.13985   0.09401   0.02389  -0.06306  -0.16277  -0.27274  -0.39128  -0.51718  -0.64952  -0.78759  -0.93084  -1.07877  -1.23101  -1.38722  -1.54714  -1.71048  -1.87705  -2.04667  -2.21915
  61.11448    0.14926   0.13792   0.09194   0.02168  -0.06542  -0.16528  -0.27540  -0.39409  -0.52014  -0.65264  -0.79087  -0.93427  -1.08235  -1.23474  -1.39111  -1.55118  -1.71467  -1.88140  -2.05117  -2.22380
  61.25565    0.14748   0.13609   0.08999   0.01958  -0.06767  -0.16768  -0.27795  -0.39680  -0.52301  -0.65566  -0.79404  -0.93760  -1.08583  -1.23837  -1.39490  -1.55512  -1.71877  -1.88565  -2.05558  -2.22836
  61.39682    0.14582   0.13437   0.08814   0.01759  -0.06981  -0.16998  -0.28041  -0.39940  -0.52577  -0.65857  -0.79711  -0.94082  -1.08921  -1.24191  -1.39859  -1.55897  -1.72277  -1.88981  -2.05989  -2.23283
  61.53800    0.14426   0.13277   0.08641   0.01570  -0.07185  -0.17217  -0.28275  -0.40191  -0.52843  -0.66139  -0.80008  -0.94395  -1.09250  -1.24535  -1.40219  -1.56273  -1.72668  -1.89387  -2.06411  -2.23720
  61.67917    0.14281   0.13127   0.08477   0.01392  -0.07378  -0.17426  -0.28500  -0.40431  -0.53099  -0.66411  -0.80295  -0.94698  -1.09569  -1.24869  -1.40569  -1.56639  -1.73050  -1.89784  -2.06824  -2.24149
  61.82034    0.14147   0.12987   0.08325   0.01224  -0.07562  -0.17625  -0.28715  -0.40661  -0.53345  -0.66673  -0.80573  -0.94992  -1.09878  -1.25194  -1.40910  -1.56995  -1.73423  -1.90173  -2.07228  -2.24569
  61.96151    0.14024   0.12858   0.08182   0.01067  -0.07735  -0.17813  -0.28919  -0.40882  -0.53581  -0.66925  -0.80842  -0.95276  -1.10178  -1.25510  -1.41242  -1.57343  -1.73787  -1.90553  -2.07624  -2.24980
  62.10268    0.13910   0.12740   0.08050   0.00919  -0.07898  -0.17992  -0.29114  -0.41093  -0.53808  -0.67168  -0.81100  -0.95551  -1.10469  -1.25817  -1.41565  -1.57682  -1.74142  -1.90923  -2.08011  -2.25383
  62.24385    0.13807   0.12631   0.07928   0.00782  -0.08051  -0.18161  -0.29299  -0.41294  -0.54025  -0.67401  -0.81350  -0.95817  -1.10751  -1.26115  -1.41879  -1.58013  -1.74488  -1.91286  -2.08389  -2.25778
  62.38502    0.13715   0.12533   0.07816   0.00654  -0.08195  -0.18321  -0.29475  -0.41486  -0.54233  -0.67626  -0.81591  -0.96073  -1.11024  -1.26404  -1.42184  -1.58334  -1.74826  -1.91640  -2.08760  -2.26164
  62.52620    0.13632   0.12444   0.07713   0.00536  -0.08328  -0.18471  -0.29641  -0.41668  -0.54432  -0.67841  -0.81822  -0.96321  -1.11288  -1.26684  -1.42481  -1.58647  -1.75155  -1.91986  -2.09122  -2.26542
  62.66737    0.13559   0.12366   0.07621   0.00428  -0.08453  -0.18612  -0.29798  -0.41842  -0.54622  -0.68047  -0.82045  -0.96560  -1.11544  -1.26956  -1.42769  -1.58952  -1.75477  -1.92323  -2.09476  -2.26912
  62.80854    0.13496   0.12297   0.07537   0.00329  -0.08568  -0.18743  -0.29946  -0.42006  -0.54802  -0.68244  -0.82259  -0.96791  -1.11791  -1.27220  -1.43049  -1.59249  -1.75790  -1.92652  -2.09822  -2.27275
  62.94971    0.13443   0.12238   0.07464   0.00240  -0.08674  -0.18865  -0.30085  -0.42161  -0.54974  -0.68433  -0.82464  -0.97013  -1.12029  -1.27475  -1.43320  -1.59537  -1.76095  -1.92974  -2.10160  -2.27629
  63.09088    0.13399   0.12188   0.07400   0.00159  -0.08770  -0.18978  -0.30214  -0.42308  -0.55137  -0.68613  -0.82660  -0.97226  -1.12259  -1.27721  -1.43584  -1.59817  -1.76392  -1.93288  -2.10490  -2.27976
  63.23205    0.13365   0.12147   0.07345   0.00088  -0.08858  -0.19082  -0.30335  -0.42446  -0.55292  -0.68784  -0.82849  -0.97431  -1.12481  -1.27960  -1.43840  -1.60090  -1.76681  -1.93594  -2.10813  -2.28316
  63.37322    0.13340   0.12116   0.07299   0.00026  -0.08936  -0.19178  -0.30448  -0.42575  -0.55438  -0.68947  -0.83029  -0.97628  -1.12695  -1.28191  -1.44087  -1.60354  -1.76963  -1.93892  -2.11128  -2.28648
  63.51440    0.13324   0.12094   0.07262  -0.00027  -0.09006  -0.19264  -0.30551  -0.42695  -0.55576  -0.69102  -0.83200  -0.97817  -1.12901  -1.28413  -1.44327  -1.60611  -1.77237  -1.94183  -2.11436  -2.28973
  63.65557    0.13317   0.12081   0.07234  -0.00071  -0.09067  -0.19342  -0.30647  -0.42808  -0.55705  -0.69248  -0.83364  -0.97997  -1.13099  -1.28629  -1.44559  -1.60861  -1.77503  -1.94467  -2.11737  -2.29291
  63.79674    0.13320   0.12077   0.07215  -0.00107  -0.09120  -0.19412  -0.30733  -0.42912  -0.55826  -0.69387  -0.83520  -0.98170  -1.13289  -1.28836  -1.44784  -1.61102  -1.77762  -1.94743  -2.12031  -2.29602
  63.93791    0.13331   0.12081   0.07205  -0.00134  -0.09164  -0.19473  -0.30812  -0.43007  -0.55939  -0.69517  -0.83668  -0.98336  -1.13472  -1.29036  -1.45001  -1.61337  -1.78014  -1.95012  -2.12317  -2.29905
  64.07908    0.13351   0.12095   0.07203  -0.00152  -0.09199  -0.19526  -0.30882  -0.43095  -0.56044  -0.69640  -0.83808  -0.98493  -1.13647  -1.29228  -1.45211  -1.61564  -1.78259  -1.95274  -2.12597  -2.30202
  64.22025    0.13380   0.12117   0.07209  -0.00162  -0.09227  -0.19571  -0.30944  -0.43175  -0.56142  -0.69755  -0.83940  -0.98643  -1.13814  -1.29413  -1.45413  -1.61785  -1.78497  -1.95530  -2.12870  -2.30493
  64.36142    0.13417   0.12147   0.07224  -0.00164  -0.09246  -0.19607  -0.30999  -0.43247  -0.56231  -0.69862  -0.84065  -0.98786  -1.13975  -1.29591  -1.45609  -1.61998  -1.78728  -1.95778  -2.13136  -2.30776
  64.50260    0.13463   0.12186   0.07248  -0.00158  -0.09257  -0.19636  -0.31045  -0.43311  -0.56313  -0.69962  -0.84183  -0.98921  -1.14127  -1.29762  -1.45797  -1.62204  -1.78952  -1.96020  -2.13395  -2.31053
  64.64377    0.13517   0.12233   0.07279  -0.00144  -0.09261  -0.19657  -0.31084  -0.43367  -0.56387  -0.70054  -0.84293  -0.99049  -1.14273  -1.29925  -1.45979  -1.62403  -1.79169  -1.96255  -2.13648  -2.31324
  64.78494    0.13579   0.12288   0.07319  -0.00121  -0.09256  -0.19670  -0.31115  -0.43416  -0.56454  -0.70139  -0.84396  -0.99170  -1.14412  -1.30082  -1.46153  -1.62596  -1.79380  -1.96483  -2.13895  -2.31588
  64.92611    0.13650   0.12351   0.07366  -0.00091  -0.09244  -0.19676  -0.31138  -0.43458  -0.56514  -0.70216  -0.84491  -0.99283  -1.14544  -1.30232  -1.46321  -1.62782  -1.79584  -1.96705  -2.14135  -2.31846
  65.06728    0.13728   0.12423   0.07422  -0.00053  -0.09223  -0.19674  -0.31155  -0.43492  -0.56566  -0.70287  -0.84580  -0.99390  -1.14669  -1.30375  -1.46483  -1.62961  -1.79782  -1.96921  -2.14369  -2.32099
  65.20845    0.13815   0.12502   0.07485  -0.00008  -0.09196  -0.19664  -0.31163  -0.43519  -0.56611  -0.70350  -0.84662  -0.99490  -1.14787  -1.30511  -1.46637  -1.63134  -1.79973  -1.97131  -2.14597  -2.32345
  65.34962    0.13910   0.12589   0.07555   0.00045  -0.09161  -0.19647  -0.31165  -0.43539  -0.56649  -0.70407  -0.84737  -0.99583  -1.14899  -1.30641  -1.46786  -1.63301  -1.80158  -1.97334  -2.14818  -2.32585
  65.49080    0.14012   0.12684   0.07634   0.00106  -0.09118  -0.19623  -0.31159  -0.43551  -0.56680  -0.70456  -0.84805  -0.99670  -1.15004  -1.30764  -1.46928  -1.63461  -1.80337  -1.97531  -2.15034  -2.32819
  65.63197    0.14122   0.12786   0.07720   0.00174  -0.09068  -0.19592  -0.31146  -0.43557  -0.56704  -0.70499  -0.84866  -0.99750  -1.15102  -1.30882  -1.47063  -1.63616  -1.80510  -1.97723  -2.15244  -2.33047
  65.77314    0.14240   0.12896   0.07813   0.00249  -0.09011  -0.19553  -0.31126  -0.43556  -0.56722  -0.70535  -0.84921  -0.99823  -1.15194  -1.30992  -1.47193  -1.63764  -1.80677  -1.97908  -2.15448  -2.33270
  65.91431    0.14365   0.13013   0.07914   0.00332  -0.08947  -0.19508  -0.31099  -0.43548  -0.56733  -0.70565  -0.84969  -0.99890  -1.15280  -1.31097  -1.47316  -1.63906  -1.80838  -1.98088  -2.15647  -2.33487
  66.05548    0.14497   0.13138   0.08022   0.00422  -0.08876  -0.19455  -0.31066  -0.43533  -0.56737  -0.70588  -0.85011  -0.99951  -1.15360  -1.31195  -1.47433  -1.64042  -1.80993  -1.98262  -2.15840  -2.33699
  66.19665    0.14637   0.13270   0.08137   0.00518  -0.08798  -0.19396  -0.31025  -0.43512  -0.56734  -0.70604  -0.85047  -1.00005  -1.15433  -1.31288  -1.47545  -1.64173  -1.81142  -1.98430  -2.16027  -2.33905
  66.33782    0.14784   0.13409   0.08259   0.00622  -0.08713  -0.19330  -0.30979  -0.43484  -0.56725  -0.70614  -0.85076  -1.00054  -1.15501  -1.31374  -1.47651  -1.64297  -1.81286  -1.98593  -2.16209  -2.34106
  66.47900    0.14938   0.13555   0.08388   0.00732  -0.08622  -0.19257  -0.30925  -0.43449  -0.56710  -0.70618  -0.85099  -1.00096  -1.15562  -1.31455  -1.47750  -1.64416  -1.81424  -1.98751  -2.16386  -2.34302
  66.62017    0.15100   0.13708   0.08524   0.00850  -0.08523  -0.19178  -0.30865  -0.43409  -0.56689  -0.70616  -0.85116  -1.00133  -1.15618  -1.31530  -1.47845  -1.64530  -1.81557  -1.98903  -2.16557  -2.34493
  66.76134    0.15268   0.13868   0.08666   0.00974  -0.08419  -0.19093  -0.30799  -0.43362  -0.56661  -0.70608  -0.85127  -1.00163  -1.15668  -1.31599  -1.47933  -1.64638  -1.81684  -1.99049  -2.16723  -2.34678
  66.90251    0.15443   0.14035   0.08816   0.01104  -0.08307  -0.19000  -0.30726  -0.43308  -0.56627  -0.70594  -0.85132  -1.00188  -1.15712  -1.31663  -1.48016  -1.64740  -1.81807  -1.99191  -2.16884  -2.34859
  67.04368    0.15625   0.14208   0.08972   0.01241  -0.08189  -0.18902  -0.30647  -0.43249  -0.56587  -0.70573  -0.85132  -1.00207  -1.15751  -1.31721  -1.48094  -1.64838  -1.81923  -1.99327  -2.17040  -2.35034
  67.18485    0.15814   0.14388   0.09134   0.01385  -0.08065  -0.18797  -0.30562  -0.43184  -0.56542  -0.70547  -0.85125  -1.00220  -1.15784  -1.31774  -1.48166  -1.64930  -1.82035  -1.99459  -2.17191  -2.35205
  67.32602    0.16010   0.14575   0.09303   0.01535  -0.07935  -0.18687  -0.30471  -0.43112  -0.56490  -0.70515  -0.85113  -1.00227  -1.15811  -1.31821  -1.48233  -1.65016  -1.82142  -1.99585  -2.17337  -2.35371
  67.46720    0.16212   0.14768   0.09479   0.01691  -0.07798  -0.18570  -0.30374  -0.43035  -0.56433  -0.70478  -0.85096  -1.00230  -1.15833  -1.31863  -1.48295  -1.65098  -1.82243  -1.99707  -2.17479  -2.35532
  67.60837    0.16420   0.14968   0.09660   0.01854  -0.07655  -0.18447  -0.30271  -0.42952  -0.56369  -0.70435  -0.85072  -1.00226  -1.15850  -1.31900  -1.48352  -1.65175  -1.82340  -1.99824  -2.17616  -2.35689
  67.74954    0.16635   0.15174   0.09848   0.02022  -0.07507  -0.18318  -0.30162  -0.42863  -0.56301  -0.70386  -0.85044  -1.00218  -1.15861  -1.31931  -1.48404  -1.65247  -1.82432  -1.99935  -2.17748  -2.35841
  67.89071    0.16857   0.15386   0.10042   0.02197  -0.07352  -0.18183  -0.30047  -0.42769  -0.56226  -0.70332  -0.85010  -1.00204  -1.15868  -1.31958  -1.48450  -1.65314  -1.82519  -2.00043  -2.17875  -2.35989
  68.03188    0.17084   0.15605   0.10243   0.02377  -0.07191  -0.18043  -0.29927  -0.42668  -0.56146  -0.70272  -0.84970  -1.00185  -1.15869  -1.31979  -1.48492  -1.65376  -1.82601  -2.00145  -2.17998  -2.36132
  68.17305    0.17318   0.15829   0.10449   0.02564  -0.07025  -0.17896  -0.29801  -0.42563  -0.56061  -0.70207  -0.84926  -1.00161  -1.15865  -1.31996  -1.48529  -1.65433  -1.82679  -2.00244  -2.18117  -2.36271
  68.31422    0.17558   0.16060   0.10661   0.02756  -0.06853  -0.17745  -0.29669  -0.42452  -0.55970  -0.70137  -0.84876  -1.00132  -1.15856  -1.32008  -1.48561  -1.65486  -1.82752  -2.00337  -2.18231  -2.36406
  68.45540    0.17804   0.16296   0.10879   0.02954  -0.06675  -0.17587  -0.29533  -0.42335  -0.55875  -0.70062  -0.84822  -1.00097  -1.15843  -1.32015  -1.48589  -1.65534  -1.82821  -2.00427  -2.18341  -2.36536
  68.59657    0.18056   0.16539   0.11103   0.03158  -0.06491  -0.17424  -0.29390  -0.42214  -0.55774  -0.69981  -0.84762  -1.00058  -1.15824  -1.32017  -1.48612  -1.65577  -1.82885  -2.00511  -2.18446  -2.36663
  68.73774    0.18313   0.16787   0.11332   0.03367  -0.06302  -0.17256  -0.29242  -0.42087  -0.55667  -0.69896  -0.84697  -1.00014  -1.15801  -1.32014  -1.48630  -1.65616  -1.82945  -2.00592  -2.18548  -2.36785
  68.87891    0.18577   0.17041   0.11567   0.03582  -0.06108  -0.17082  -0.29090  -0.41954  -0.55556  -0.69805  -0.84627  -0.99965  -1.15773  -1.32007  -1.48644  -1.65651  -1.83001  -2.00669  -2.18645  -2.36903
  69.02008    0.18847   0.17301   0.11808   0.03803  -0.05908  -0.16903  -0.28931  -0.41817  -0.55440  -0.69710  -0.84553  -0.99912  -1.15741  -1.31996  -1.48653  -1.65681  -1.83052  -2.00741  -2.18738  -2.37018
  69.16125    0.19122   0.17566   0.12054   0.04029  -0.05703  -0.16719  -0.28768  -0.41675  -0.55318  -0.69610  -0.84474  -0.99854  -1.15704  -1.31980  -1.48658  -1.65707  -1.83099  -2.00809  -2.18828  -2.37128
  69.30242    0.19402   0.17837   0.12306   0.04260  -0.05493  -0.16530  -0.28600  -0.41528  -0.55192  -0.69505  -0.84390  -0.99791  -1.15662  -1.31960  -1.48659  -1.65729  -1.83142  -2.00873  -2.18913  -2.37235
  69.44360    0.19689   0.18113   0.12563   0.04496  -0.05277  -0.16335  -0.28426  -0.41376  -0.55061  -0.69395  -0.84301  -0.99724  -1.15616  -1.31935  -1.48656  -1.65747  -1.83181  -2.00934  -2.18995  -2.37338
  69.58477    0.19981   0.18395   0.12825   0.04738  -0.05056  -0.16136  -0.28248  -0.41219  -0.54926  -0.69281  -0.84208  -0.99652  -1.15566  -1.31906  -1.48648  -1.65760  -1.83216  -2.00990  -2.19072  -2.37437
  69.72594    0.20278   0.18682   0.13093   0.04985  -0.04831  -0.15931  -0.28065  -0.41057  -0.54785  -0.69162  -0.84111  -0.99576  -1.15511  -1.31873  -1.48636  -1.65770  -1.83247  -2.01043  -2.19147  -2.37533
  69.86711    0.20580   0.18974   0.13366   0.05237  -0.04600  -0.15722  -0.27877  -0.40890  -0.54640  -0.69038  -0.84009  -0.99495  -1.15452  -1.31835  -1.48621  -1.65776  -1.83274  -2.01092  -2.19217  -2.37625
  70.00828    0.20888   0.19272   0.13644   0.05494  -0.04364  -0.15508  -0.27684  -0.40719  -0.54491  -0.68910  -0.83902  -0.99411  -1.15389  -1.31794  -1.48601  -1.65777  -1.83298  -2.01137  -2.19284  -2.37713
  70.14945    0.21201   0.19575   0.13926   0.05756  -0.04124  -0.15289  -0.27487  -0.40543  -0.54337  -0.68778  -0.83792  -0.99322  -1.15322  -1.31748  -1.48577  -1.65775  -1.83317  -2.01178  -2.19347  -2.37798
  70.29062    0.21520   0.19883   0.14214   0.06022  -0.03879  -0.15065  -0.27285  -0.40363  -0.54178  -0.68641  -0.83677  -0.99228  -1.15250  -1.31699  -1.48549  -1.65769  -1.83333  -2.01216  -2.19407  -2.37880
  70.43180    0.21843   0.20195   0.14507   0.06294  -0.03628  -0.14837  -0.27078  -0.40178  -0.54015  -0.68500  -0.83558  -0.99131  -1.15175  -1.31646  -1.48518  -1.65760  -1.83346  -2.01250  -2.19463  -2.37958
  70.57297    0.22172   0.20513   0.14805   0.06570  -0.03374  -0.14604  -0.26867  -0.39989  -0.53848  -0.68355  -0.83435  -0.99030  -1.15096  -1.31589  -1.48483  -1.65747  -1.83354  -2.01281  -2.19516  -2.38033
  70.71414    0.22505   0.20836   0.15108   0.06852  -0.03114  -0.14366  -0.26652  -0.39796  -0.53677  -0.68205  -0.83307  -0.98925  -1.15012  -1.31528  -1.48444  -1.65730  -1.83360  -2.01309  -2.19565  -2.38105
  70.85531    0.22843   0.21164   0.15415   0.07137  -0.02850  -0.14124  -0.26432  -0.39598  -0.53501  -0.68052  -0.83176  -0.98815  -1.14925  -1.31463  -1.48401  -1.65709  -1.83361  -2.01333  -2.19611  -2.38174
  70.99648    0.23187   0.21496   0.15727   0.07428  -0.02582  -0.13878  -0.26208  -0.39396  -0.53321  -0.67894  -0.83041  -0.98702  -1.14835  -1.31394  -1.48355  -1.65685  -1.83360  -2.01354  -2.19654  -2.38239
  71.13765    0.23535   0.21833   0.16043   0.07723  -0.02309  -0.13627  -0.25979  -0.39190  -0.53137  -0.67733  -0.82901  -0.98585  -1.14740  -1.31322  -1.48305  -1.65658  -1.83355  -2.01371  -2.19694  -2.38301
  71.27882    0.23887   0.22175   0.16365   0.08022  -0.02032  -0.13372  -0.25746  -0.38979  -0.52950  -0.67567  -0.82758  -0.98465  -1.14642  -1.31247  -1.48252  -1.65627  -1.83346  -2.01385  -2.19731  -2.38361
  71.42000    0.24245   0.22521   0.16690   0.08326  -0.01750  -0.13113  -0.25509  -0.38765  -0.52758  -0.67398  -0.82611  -0.98340  -1.14540  -1.31168  -1.48195  -1.65593  -1.83335  -2.01396  -2.19765  -2.38417
  71.56117    0.24607   0.22872   0.17021   0.08634  -0.01464  -0.12849  -0.25268  -0.38547  -0.52562  -0.67224  -0.82461  -0.98212  -1.14435  -1.31085  -1.48135  -1.65555  -1.83320  -2.01404  -2.19795  -2.38471
  71.70234    0.24974   0.23228   0.17355   0.08947  -0.01174  -0.12582  -0.25023  -0.38324  -0.52362  -0.67047  -0.82306  -0.98080  -1.14326  -1.30999  -1.48072  -1.65514  -1.83302  -2.01409  -2.19823  -2.38521
  71.84351    0.25345   0.23587   0.17694   0.09264  -0.00880  -0.12310  -0.24774  -0.38098  -0.52159  -0.66866  -0.82148  -0.97945  -1.14213  -1.30909  -1.48005  -1.65470  -1.83281  -2.01411  -2.19848  -2.38569
  71.98468    0.25721   0.23952   0.18037   0.09585  -0.00581  -0.12034  -0.24521  -0.37868  -0.51951  -0.66682  -0.81987  -0.97806  -1.14097  -1.30817  -1.47935  -1.65423  -1.83256  -2.01410  -2.19869  -2.38614
  72.12585    0.26101   0.24320   0.18385   0.09910  -0.00279  -0.11755  -0.24264  -0.37634  -0.51740  -0.66494  -0.81821  -0.97664  -1.13978  -1.30720  -1.47862  -1.65373  -1.83229  -2.01406  -2.19888  -2.38656
  72.26702    0.26485   0.24693   0.18736   0.10239   0.00028  -0.11471  -0.24004  -0.37396  -0.51525  -0.66302  -0.81653  -0.97519  -1.13855  -1.30621  -1.47786  -1.65320  -1.83199  -2.01399  -2.19904  -2.38695
  72.40820    0.26874   0.25070   0.19092   0.10572   0.00339  -0.11184  -0.23739  -0.37154  -0.51307  -0.66107  -0.81481  -0.97370  -1.13730  -1.30519  -1.47706  -1.65263  -1.83166  -2.01389  -2.19918  -2.38732
  72.54937    0.27267   0.25452   0.19452   0.10910   0.00653  -0.10892  -0.23471  -0.36909  -0.51085  -0.65908  -0.81305  -0.97217  -1.13601  -1.30413  -1.47624  -1.65204  -1.83130  -2.01377  -2.19929  -2.38767
  72.69054    0.27664   0.25837   0.19816   0.11251   0.00971  -0.10597  -0.23199  -0.36661  -0.50860  -0.65706  -0.81126  -0.97062  -1.13468  -1.30304  -1.47539  -1.65142  -1.83091  -2.01361  -2.19937  -2.38798
  72.83171    0.28066   0.26227   0.20184   0.11596   0.01293  -0.10298  -0.22923  -0.36408  -0.50631  -0.65500  -0.80944  -0.96903  -1.13333  -1.30192  -1.47450  -1.65077  -1.83049  -2.01343  -2.19942  -2.38827
  72.97288    0.28471   0.26620   0.20556   0.11945   0.01619  -0.09996  -0.22644  -0.36152  -0.50399  -0.65291  -0.80758  -0.96741  -1.13194  -1.30078  -1.47359  -1.65009  -1.83005  -2.01323  -2.19945  -2.38854
  73.11405    0.28881   0.27018   0.20932   0.12298   0.01949  -0.09689  -0.22361  -0.35893  -0.50163  -0.65079  -0.80570  -0.96576  -1.13053  -1.29960  -1.47265  -1.64938  -1.82958  -2.01299  -2.19945  -2.38878
  73.25522    0.29294   0.27419   0.21311   0.12655   0.02282  -0.09380  -0.22075  -0.35630  -0.49924  -0.64864  -0.80378  -0.96407  -1.12908  -1.29839  -1.47168  -1.64865  -1.82908  -2.01274  -2.19943  -2.38900
  73.39640    0.29712   0.27824   0.21695   0.13015   0.02619  -0.09066  -0.21785  -0.35364  -0.49681  -0.64645  -0.80183  -0.96236  -1.12761  -1.29716  -1.47068  -1.64788  -1.82856  -2.01245  -2.19939  -2.38920
  73.53757    0.30133   0.28234   0.22082   0.13379   0.02960  -0.08749  -0.21492  -0.35095  -0.49436  -0.64423  -0.79985  -0.96062  -1.12610  -1.29589  -1.46965  -1.64710  -1.82801  -2.01214  -2.19932  -2.38937
  73.67874    0.30558   0.28647   0.22473   0.13747   0.03304  -0.08429  -0.21195  -0.34822  -0.49187  -0.64198  -0.79784  -0.95885  -1.12457  -1.29460  -1.46860  -1.64628  -1.82743  -2.01181  -2.19922  -2.38952
  73.81991    0.30987   0.29063   0.22867   0.14118   0.03651  -0.08105  -0.20895  -0.34546  -0.48935  -0.63970  -0.79580  -0.95705  -1.12301  -1.29328  -1.46752  -1.64544  -1.82683  -2.01145  -2.19911  -2.38964
  73.96108    0.31420   0.29484   0.23265   0.14493   0.04002  -0.07778  -0.20592  -0.34267  -0.48680  -0.63739  -0.79373  -0.95521  -1.12142  -1.29194  -1.46642  -1.64458  -1.82621  -2.01107  -2.19897  -2.38975
  74.10225    0.31857   0.29908   0.23667   0.14871   0.04357  -0.07448  -0.20285  -0.33985  -0.48422  -0.63505  -0.79163  -0.95336  -1.11980  -1.29057  -1.46529  -1.64369  -1.82556  -2.01067  -2.19881  -2.38983
  74.24342    0.32297   0.30335   0.24072   0.15252   0.04714  -0.07114  -0.19976  -0.33699  -0.48160  -0.63267  -0.78950  -0.95147  -1.11816  -1.28917  -1.46413  -1.64277  -1.82489  -2.01024  -2.19862  -2.38990
  74.38460    0.32741   0.30767   0.24481   0.15637   0.05076  -0.06777  -0.19663  -0.33411  -0.47896  -0.63027  -0.78734  -0.94956  -1.11649  -1.28774  -1.46295  -1.64183  -1.82419  -2.00979  -2.19842  -2.38994
  74.52577    0.33188   0.31201   0.24893   0.16026   0.05440  -0.06437  -0.19347  -0.33119  -0.47629  -0.62785  -0.78516  -0.94762  -1.11479  -1.28629  -1.46174  -1.64087  -1.82347  -2.00932  -2.19819  -2.38996
  74.66694    0.33639   0.31639   0.25308   0.16417   0.05807  -0.06094  -0.19028  -0.32824  -0.47359  -0.62539  -0.78294  -0.94565  -1.11307  -1.28482  -1.46051  -1.63988  -1.82273  -2.00883  -2.19794  -2.38996
  74.80811    0.34094   0.32081   0.25727   0.16812   0.06178  -0.05748  -0.18706  -0.32527  -0.47086  -0.62290  -0.78070  -0.94365  -1.11132  -1.28332  -1.45926  -1.63887  -1.82197  -2.00831  -2.19767  -2.38994
  74.94928    0.34552   0.32526   0.26149   0.17210   0.06552  -0.05398  -0.18381  -0.32227  -0.46810  -0.62039  -0.77844  -0.94163  -1.10955  -1.28179  -1.45798  -1.63784  -1.82118  -2.00778  -2.19738  -2.38990
  75.09045    0.35013   0.32974   0.26575   0.17612   0.06929  -0.05046  -0.18053  -0.31923  -0.46532  -0.61785  -0.77614  -0.93959  -1.10775  -1.28025  -1.45668  -1.63678  -1.82038  -2.00722  -2.19708  -2.38984
  75.23162    0.35478   0.33426   0.27003   0.18016   0.07309  -0.04691  -0.17722  -0.31617  -0.46250  -0.61529  -0.77383  -0.93752  -1.10593  -1.27868  -1.45535  -1.63571  -1.81955  -2.00664  -2.19675  -2.38977
  75.37279    0.35946   0.33881   0.27435   0.18424   0.07692  -0.04332  -0.17389  -0.31308  -0.45966  -0.61269  -0.77148  -0.93542  -1.10408  -1.27708  -1.45401  -1.63461  -1.81870  -2.00605  -2.19640  -2.38967
  75.51397    0.36417   0.34339   0.27870   0.18834   0.08078  -0.03971  -0.17052  -0.30997  -0.45680  -0.61007  -0.76911  -0.93330  -1.10221  -1.27546  -1.45264  -1.63349  -1.81783  -2.00543  -2.19603  -2.38956
  75.65514    0.36892   0.34800   0.28308   0.19248   0.08467  -0.03607  -0.16713  -0.30682  -0.45390  -0.60743  -0.76672  -0.93116  -1.10032  -1.27382  -1.45125  -1.63235  -1.81694  -2.00479  -2.19565  -2.38943
  75.79631    0.37370   0.35265   0.28749   0.19665   0.08859  -0.03240  -0.16371  -0.30365  -0.45099  -0.60476  -0.76430  -0.92899  -1.09840  -1.27216  -1.44984  -1.63119  -1.81603  -2.00414  -2.19525  -2.38929
  75.93748    0.37851   0.35732   0.29193   0.20084   0.09254  -0.02870  -0.16026  -0.30046  -0.44804  -0.60207  -0.76186  -0.92680  -1.09646  -1.27048  -1.44841  -1.63000  -1.81510  -2.00347  -2.19483  -2.38912
  76.07865    0.38335   0.36203   0.29640   0.20507   0.09651  -0.02498  -0.15678  -0.29723  -0.44507  -0.59935  -0.75939  -0.92458  -1.09450  -1.26877  -1.44695  -1.62880  -1.81415  -2.00277  -2.19439  -2.38894
  76.21982    0.38822   0.36676   0.30090   0.20932   0.10052  -0.02123  -0.15328  -0.29398  -0.44208  -0.59660  -0.75690  -0.92235  -1.09252  -1.26705  -1.44548  -1.62758  -1.81318  -2.00206  -2.19393  -2.38874
  76.36099    0.39312   0.37153   0.30543   0.21360   0.10455  -0.01745  -0.14976  -0.29071  -0.43906  -0.59384  -0.75439  -0.92009  -1.09051  -1.26530  -1.44399  -1.62634  -1.81220  -2.00134  -2.19346  -2.38853
  76.50217    0.39805   0.37632   0.30999   0.21791   0.10861  -0.01364  -0.14620  -0.28741  -0.43601  -0.59105  -0.75185  -0.91781  -1.08849  -1.26353  -1.44247  -1.62508  -1.81119  -2.00059  -2.19297  -2.38830
  76.64334    0.40301   0.38115   0.31457   0.22225   0.11269  -0.00981  -0.14262  -0.28409  -0.43294  -0.58823  -0.74929  -0.91550  -1.08644  -1.26174  -1.44094  -1.62380  -1.81017  -1.99983  -2.19246  -2.38805
  76.78451    0.40801   0.38600   0.31918   0.22661   0.11681  -0.00595  -0.13902  -0.28074  -0.42985  -0.58540  -0.74671  -0.91318  -1.08437  -1.25994  -1.43939  -1.62251  -1.80913  -1.99905  -2.19194  -2.38779
  76.92568    0.41303   0.39088   0.32383   0.23100   0.12094  -0.00207  -0.13539  -0.27737  -0.42674  -0.58254  -0.74411  -0.91083  -1.08228  -1.25811  -1.43782  -1.62119  -1.80808  -1.99826  -2.19140  -2.38752
  77.06685    0.41807   0.39579   0.32849   0.23542   0.12511   0.00184  -0.13174  -0.27397  -0.42360  -0.57966  -0.74149  -0.90847  -1.08018  -1.25626  -1.43623  -1.61986  -1.80700  -1.99744  -2.19085  -2.38723
  77.20802    0.42315   0.40073   0.33319   0.23987   0.12930   0.00577  -0.12806  -0.27055  -0.42044  -0.57675  -0.73884  -0.90608  -1.07805  -1.25440  -1.43462  -1.61851  -1.80591  -1.99662  -2.19028  -2.38692
  77.34919    0.42826   0.40569   0.33791   0.24434   0.13351   0.00972  -0.12436  -0.26711  -0.41726  -0.57383  -0.73618  -0.90368  -1.07590  -1.25251  -1.43300  -1.61714  -1.80480  -1.99577  -2.18970  -2.38661
  77.49037    0.43339   0.41068   0.34266   0.24883   0.13775   0.01371  -0.12064  -0.26365  -0.41405  -0.57088  -0.73349  -0.90125  -1.07374  -1.25061  -1.43136  -1.61576  -1.80368  -1.99491  -2.18910  -2.38627

# Minimas
  63.68912    0.13317 
  63.79269    0.12077 
  64.03899    0.07202 
  64.32366   -0.00165 
  64.63082   -0.09261 
  64.95760   -0.19676 
  65.30638   -0.31165 
  65.67726   -0.43557 
  66.07320   -0.56737 
  66.49875   -0.70618 
  66.95740   -0.85133 
  67.45335   -1.00230 
  67.99586   -1.15869 
  68.59364   -1.32017 
  69.25692   -1.48659 
  70.00135   -1.65777 
  70.85581   -1.83361 
  71.86054   -2.01411 
  73.06373   -2.19946 
  74.60290   -2.38996 

