        0.000000000000000         0.000000000000000
       10.000000000000000         0.000000815194520
       20.000000000000000         0.000003375888790
       30.000000000000000         0.000007621225093
       40.000000000000000         0.000012430197666
       50.000000000000000         0.000017167268433
       60.000000000000000         0.000021379733301
       70.000000000000000         0.000025041569063
       80.000000000000000         0.000028039979441
       90.000000000000000         0.000030594597181
      100.000000000000000         0.000032615929175
      110.000000000000000         0.000034366791637
      120.000000000000000         0.000036035904917
      130.000000000000000         0.000037002876779
      140.000000000000000         0.000037933795021
      150.000000000000000         0.000039061968316
      160.000000000000000         0.000039710728353
      170.000000000000000         0.000040439989605
      180.000000000000000         0.000041264516973
      190.000000000000000         0.000041805570191
      200.000000000000000         0.000042206186706
      210.000000000000000         0.000042860694693
      220.000000000000000         0.000043410821168
      230.000000000000000         0.000043447521717
      240.000000000000000         0.000044069035172
      250.000000000000000         0.000044335538562
      260.000000000000000         0.000044679302245
      270.000000000000000         0.000045243228387
      280.000000000000000         0.000045638212228
      290.000000000000000         0.000045889031831
      300.000000000000000         0.000045897052333
      310.000000000000000         0.000046324163846
      320.000000000000000         0.000046730500047
      330.000000000000000         0.000046968924780
      340.000000000000000         0.000047809495270
      350.000000000000000         0.000047688398709
      360.000000000000000         0.000047465467671
      370.000000000000000         0.000048233338344
      380.000000000000000         0.000048537088326
      390.000000000000000         0.000048975313957
      400.000000000000000         0.000049053892855
      410.000000000000000         0.000049523556563
      420.000000000000000         0.000049598661043
      430.000000000000000         0.000049880301890
      440.000000000000000         0.000050143189260
      450.000000000000000         0.000050218920301
      460.000000000000000         0.000050737165173
      470.000000000000000         0.000050933075262
      480.000000000000000         0.000051537022991
      490.000000000000000         0.000051614850611
      500.000000000000000         0.000051575605068
      510.000000000000000         0.000052836796503
      520.000000000000000         0.000052956624901
      530.000000000000000         0.000052853475849
      540.000000000000000         0.000053421007057
      550.000000000000000         0.000053478625270
      560.000000000000000         0.000053287450388
      570.000000000000000         0.000053645179376
      580.000000000000000         0.000054743491812
      590.000000000000000         0.000054938064649
      600.000000000000000         0.000054701660931
      610.000000000000000         0.000055165668135
      620.000000000000000         0.000055824833764
      630.000000000000000         0.000055826353233
      640.000000000000000         0.000055816019766
      650.000000000000000         0.000057170737736
      660.000000000000000         0.000057478760695
      670.000000000000000         0.000056954497748
      680.000000000000000         0.000057507656904
      690.000000000000000         0.000058036157898
      700.000000000000000         0.000058058604515
      710.000000000000000         0.000058412085098
      720.000000000000000         0.000059120893249
      730.000000000000000         0.000059336769275
      740.000000000000000         0.000060154979163
      750.000000000000000         0.000060127490195
      760.000000000000000         0.000060319096261
      770.000000000000000         0.000061171110251
      780.000000000000000         0.000061286958921
      790.000000000000000         0.000061471912397
      800.000000000000000         0.000062115221650
      810.000000000000000         0.000062992001455
      820.000000000000000         0.000062728521545
      830.000000000000000         0.000062627695113
      840.000000000000000         0.000063890110343
      850.000000000000000         0.000064381437273
      860.000000000000000         0.000064532363050
      870.000000000000000         0.000065267848705
      880.000000000000000         0.000065103913618
      890.000000000000000         0.000065732457079
      900.000000000000000         0.000066731532150
      910.000000000000000         0.000066829170318
      920.000000000000000         0.000067164873770
      930.000000000000000         0.000067661519691
      940.000000000000000         0.000068031562976
      950.000000000000000         0.000068497850798
      960.000000000000000         0.000069056917623
      970.000000000000000         0.000069052150910
      980.000000000000000         0.000070060325465
      990.000000000000000         0.000071627587044
     1000.000000000000000         0.000071560023851
     1010.000000000000000         0.000071207053863
     1020.000000000000000         0.000072051220055
     1030.000000000000000         0.000072738891362
     1040.000000000000000         0.000073175729784
     1050.000000000000000         0.000074057908467
     1060.000000000000000         0.000074644275237
     1070.000000000000000         0.000074959221282
     1080.000000000000000         0.000075523323934
     1090.000000000000000         0.000076026411643
     1100.000000000000000         0.000076771878877
     1110.000000000000000         0.000077708836362
     1120.000000000000000         0.000078135536886
     1130.000000000000000         0.000078783531873
     1140.000000000000000         0.000079733509453
     1150.000000000000000         0.000080000787236
     1160.000000000000000         0.000080411666072
     1170.000000000000000         0.000081156454751
     1180.000000000000000         0.000081719950291
     1190.000000000000000         0.000082875536821
     1200.000000000000000         0.000083669313444
     1210.000000000000000         0.000084076909657
     1220.000000000000000         0.000085233053527
     1230.000000000000000         0.000085371059933
     1240.000000000000000         0.000086890776692
     1250.000000000000000         0.000088086467597
     1260.000000000000000         0.000088079771789
     1270.000000000000000         0.000088037141014
     1280.000000000000000         0.000088701264137
     1290.000000000000000         0.000092080291013
     1300.000000000000000         0.000092207569915
     1310.000000000000000         0.000091261971040
     1320.000000000000000         0.000092870894666
     1330.000000000000000         0.000094020805231
     1340.000000000000000         0.000096910830212
     1350.000000000000000         0.000096851845010
     1360.000000000000000         0.000095896952463
     1370.000000000000000         0.000097328361133
     1380.000000000000000         0.000100441451988
     1390.000000000000000         0.000101699207174
     1400.000000000000000         0.000101414022935
     1410.000000000000000         0.000101695947566
     1420.000000000000000         0.000101014630905
     1430.000000000000000         0.000103849569404
     1440.000000000000000         0.000108332097414
     1450.000000000000000         0.000107573777752
     1460.000000000000000         0.000107026072442
     1470.000000000000000         0.000111154310745
     1480.000000000000000         0.000113308417864
     1490.000000000000000         0.000110293557681
     1500.000000000000000         0.000111700564610
     1510.000000000000000         0.000117992149768
     1520.000000000000000         0.000119385629703
     1530.000000000000000         0.000116613030469
     1540.000000000000000         0.000115438393164
     1550.000000000000000         0.000121909357960
     1560.000000000000000         0.000126330321533
     1570.000000000000000         0.000124193311228
     1580.000000000000000         0.000122985242291
     1590.000000000000000         0.000125915707602
     1600.000000000000000         0.000130566642922
     1610.000000000000000         0.000135090586314
     1620.000000000000000         0.000133103749537
     1630.000000000000000         0.000133224681805
     1640.000000000000000         0.000139444078380
     1650.000000000000000         0.000140601592512
     1660.000000000000000         0.000139363756512
     1670.000000000000000         0.000141257981849
     1680.000000000000000         0.000146464342753
     1690.000000000000000         0.000153859992374
     1700.000000000000000         0.000152388365694
     1710.000000000000000         0.000155094383412
     1720.000000000000000         0.000158988846639
     1730.000000000000000         0.000147658007291
     1740.000000000000000         0.000163413970957
     1750.000000000000000         0.000166058782689
     1760.000000000000000         0.000170952975355
     1770.000000000000000         0.000183584323789
     1780.000000000000000         0.000172094463479
     1790.000000000000000         0.000177804383829
     1800.000000000000000         0.000167184537816
     1810.000000000000000         0.000196147201515
     1820.000000000000000         0.000211978366939
     1830.000000000000000         0.000186866732406
     1840.000000000000000         0.000196668956857
     1850.000000000000000         0.000210832900029
     1860.000000000000000         0.000198475143457
     1870.000000000000000         0.000202552005267
     1880.000000000000000         0.000223021984383
     1890.000000000000000         0.000246196115419
     1900.000000000000000         0.000260993436462
     1910.000000000000000         0.000201482673458
     1920.000000000000000         0.000215374843646
     1930.000000000000000         0.000266148946666
     1940.000000000000000         0.000269312279641
     1950.000000000000000         0.000299439152671
     1960.000000000000000         0.000286430446827
     1970.000000000000000         0.000237032572729
     1980.000000000000000         0.000299817326326
     1990.000000000000000         0.000334373871654
